Date	Time	Acetic Acid	Acetone	Ammonia	C2H2	C2H4	C3H6	CH4	CO	CO2	Cyclopentene	Ethanol	Formaldehyde	Formic Acid	Furan	Glycolaldehyde	H2O	HCl	HCN	Isobutylene	Methanol	Methyl Formate	Methylpropionate	N2O	Nitrous Acid	NO	NO2	Ozone	SO2
2016/03/04	13:24:39.292	1.0701	76.4295	0.5247	0.0000	0.1882	0.0145	1.7013	0.4277	778.9101	13.9405	0.0000	0.0000	0.2174	0.0000	1.5748	7106.2338	0.0000	1.4788	0.0000	0.3022	0.0033	1.2308	0.4525	1.3640	0.0000	51.3084	0.0000	0.4384
2016/03/04	13:24:44.482	0.5957	6.0189	0.4845	0.0000	0.2813	0.0211	1.7131	0.5198	785.3519	16.0256	0.0010	0.0000	0.1921	0.0000	1.1233	7579.9960	0.0000	1.0746	0.0000	0.4042	0.0280	1.2460	0.4713	1.1798	0.0000	50.9942	0.0000	0.3273
2016/03/04	13:24:53.769	2.4269	74.3833	0.4871	0.0000	0.1410	0.0000	1.7293	0.3686	784.2456	17.5338	0.0000	0.0000	0.1730	0.0000	1.5255	7193.1030	0.0000	1.1451	0.1463	0.3461	0.0424	1.2766	0.4622	1.2552	0.0000	54.1395	0.0000	0.6958
2016/03/04	13:25:02.535	1.3597	84.7341	0.5115	0.0000	0.2178	0.0100	1.7415	0.4859	765.7330	14.4703	0.0000	0.0000	0.2203	0.0000	0.8311	7206.1861	0.0000	1.2602	0.0000	0.4469	0.0013	1.2701	0.5022	1.2828	0.0000	53.0651	0.0000	0.8450
2016/03/04	13:25:14.185	3.9064	89.1480	0.5182	0.0000	0.1442	0.0072	1.7087	0.4132	787.8911	16.5157	0.0000	0.0000	0.1165	0.0000	1.0646	8441.3074	0.0000	1.4763	0.0615	0.4141	0.0981	1.3285	0.5062	1.5117	0.0000	54.7628	0.0849	0.5866
2016/03/04	13:25:26.062	0.9225	3.1366	0.4936	0.0000	0.2064	0.0193	1.7389	0.4125	804.2932	16.3531	0.0000	0.0000	0.2142	0.0000	1.2039	7212.2505	0.0000	1.3332	0.0000	0.3736	0.0077	1.2466	0.5159	1.4568	0.0000	50.8977	0.0000	0.8605
2016/03/04	13:25:36.359	1.0138	3.2623	0.4592	0.0000	0.1973	0.0000	1.7385	0.3950	791.7819	17.2104	0.0000	0.0000	0.1784	0.0000	0.7629	7408.8789	0.0000	1.6537	0.0000	0.4825	0.0248	1.2920	0.4755	1.5408	0.0000	50.8458	0.0000	0.6486
2016/03/04	13:25:42.270	1.1749	45.6598	0.5419	0.0000	0.2557	0.0184	1.7119	0.4812	781.7403	13.4308	0.0000	0.0146	0.2294	0.0000	0.7359	7723.1454	0.0000	1.0083	0.0000	0.3795	0.0262	1.2061	0.4931	1.0722	0.0000	52.9336	0.0000	0.5793
2016/03/04	13:25:56.171	3.9414	63.7476	0.4527	0.0000	0.1647	0.0192	1.7063	0.4665	778.9804	16.1166	0.0000	0.0000	0.2308	0.0000	0.7557	8757.0955	0.0000	1.0706	0.0000	0.4230	0.0372	1.2663	0.5068	1.1335	0.0000	56.1635	0.0000	0.4718
2016/03/04	13:26:06.411	2.8875	2.4577	0.4670	0.0000	0.2192	0.0140	1.7547	0.3883	777.3647	16.4684	0.0000	0.0000	0.2190	0.0000	1.6027	7921.9597	0.0000	1.3570	0.0000	0.4323	0.0792	1.3195	0.4711	0.8072	0.0000	52.4906	0.0000	0.4449
2016/03/04	13:26:15.984	2.7713	2.1387	0.4364	0.0000	0.2739	0.0297	1.7027	0.4424	781.0203	17.2227	0.0000	0.0000	0.2542	0.0000	1.3615	7892.2452	0.0000	1.4161	0.0000	0.4702	0.0866	1.2402	0.5163	1.2457	0.0000	54.0037	0.0000	0.7030
2016/03/04	13:26:25.413	1.0640	4.0325	0.4796	0.0000	0.1176	0.0275	1.6916	0.4114	758.6392	16.1111	0.0000	0.0000	0.2558	0.0000	1.6685	7565.5461	0.0000	1.3187	0.0000	0.4181	0.0245	1.2741	0.4991	1.0820	0.0000	50.4745	0.0000	0.3766
2016/03/04	13:26:37.789	3.6393	91.1213	0.4789	0.0000	0.2084	0.0246	1.6954	0.4152	760.1196	17.5496	0.0000	0.0000	0.1590	0.0000	1.5992	8183.0904	0.0000	1.3309	0.0000	0.4253	0.0440	1.2556	0.4610	1.1652	0.0000	55.6219	0.0000	0.5480
2016/03/04	13:26:48.475	3.2644	5.2327	0.4595	0.0000	0.1739	0.0070	1.7638	0.4535	788.6145	16.7039	0.0000	0.0000	0.1654	0.0000	1.2091	7692.7212	0.0000	1.3898	0.0548	0.4047	0.0642	1.2261	0.4883	1.1857	0.0000	50.4279	0.0000	0.5330
2016/03/04	13:26:56.899	2.4308	87.7804	0.4371	0.0000	0.1940	0.0184	1.7105	0.4052	791.2575	14.7733	0.0000	0.0000	0.2110	0.0000	1.2755	8373.5100	0.0000	1.3629	0.0096	0.5223	0.0166	1.1428	0.4785	1.4934	0.0000	53.6293	0.0000	0.3450
2016/03/04	13:27:08.132	0.9526	91.8656	0.5199	0.0000	0.1064	0.0287	1.6772	0.4347	779.8300	16.4495	0.0000	0.0091	0.1985	0.0000	1.2011	7764.9653	0.0000	1.1393	0.0000	0.4746	0.0174	1.1838	0.4751	1.1117	0.0000	49.1782	0.0000	0.5885
2016/03/04	13:27:17.493	2.8158	84.6919	0.5278	0.0000	0.2499	0.0197	1.7317	0.4805	787.5637	18.3331	0.0009	0.0000	0.1803	0.0000	1.0697	7407.0440	0.0000	1.3503	0.0000	0.4080	0.0077	1.1944	0.4634	0.9860	0.0000	50.6025	0.0000	0.7843
2016/03/04	13:27:27.021	3.0043	92.1767	0.5356	0.0000	0.2083	0.0362	1.6660	0.3786	791.0346	16.6372	0.0000	0.0000	0.1723	0.0000	1.4049	8274.0999	0.0000	1.2700	0.0000	0.4149	0.0408	1.2055	0.4880	1.4415	0.0000	50.1894	0.0000	0.8368
2016/03/04	13:27:36.382	4.0205	82.9598	0.4598	0.0000	0.2621	0.0131	1.7692	0.3935	786.4623	13.8508	0.0000	0.0000	0.2725	0.0000	1.6201	7999.4356	0.0000	1.0605	0.0000	0.4325	0.0065	1.3013	0.4638	1.2587	0.0000	50.0937	0.0000	0.3493
2016/03/04	13:27:45.943	2.2078	4.8257	0.4958	0.0000	0.1992	0.0157	1.7389	0.4676	791.0131	18.3843	0.0000	0.0000	0.1996	0.0000	2.2955	7633.6930	0.0000	1.3533	0.0825	0.4563	0.0353	1.2683	0.4647	1.1517	0.0000	54.5303	0.0000	0.5502
2016/03/04	13:27:55.730	1.0979	3.9285	0.5202	0.0000	0.1809	0.0000	1.7109	0.4455	774.4380	15.6255	0.0000	0.0000	0.1809	0.0000	1.2294	7309.5015	0.0000	1.2760	0.0014	0.2993	0.0351	1.2711	0.4569	1.2957	0.0000	49.5077	0.0000	0.4336
2016/03/04	13:28:06.597	3.5311	5.4216	0.5454	0.0000	0.1616	0.0235	1.6764	0.3502	773.7041	14.3006	0.0000	0.0000	0.2683	0.0000	1.6742	7944.2853	0.0000	1.2205	0.0000	0.2937	0.0570	1.2396	0.4726	1.1608	0.0000	45.8411	0.0005	0.7773
2016/03/04	13:28:15.958	1.5573	84.7206	0.5255	0.0000	0.2375	0.0087	1.7300	0.4960	759.3031	14.5672	0.0000	0.0000	0.1794	0.0000	1.6076	6920.2806	0.0000	1.5846	0.0000	0.3316	0.0076	1.2782	0.5066	1.6711	0.0000	52.4153	0.0000	0.7552
2016/03/04	13:28:26.255	0.6067	2.6225	0.5051	0.0000	0.2062	0.0262	1.7238	0.5077	770.2985	17.6650	0.0000	0.0000	0.1546	0.0000	1.8607	7430.5878	0.0000	1.0727	0.0000	0.3572	0.0823	1.2304	0.4763	1.0837	0.0000	52.3005	0.0000	0.8405
2016/03/04	13:28:35.615	2.8245	29.3124	0.5048	0.0000	0.0966	0.0376	1.7549	0.3395	785.5434	18.4507	0.0000	0.0253	0.2091	0.0007	1.5971	7419.0231	0.0000	0.9570	0.0000	0.3758	0.0518	1.2547	0.4942	1.5225	0.0000	49.3441	0.0000	0.2862
2016/03/04	13:28:44.040	2.6816	75.5295	0.5473	0.0000	0.2484	0.0124	1.7552	0.4493	772.1634	16.4961	0.0000	0.0000	0.1872	0.0000	1.5890	7478.9992	0.0000	1.5204	0.0000	0.3919	0.0202	1.2509	0.4919	1.2787	0.0000	47.3525	0.0000	0.6203
2016/03/04	13:28:53.401	3.9756	45.1507	0.4724	0.0000	0.2046	0.0538	1.6866	0.3160	807.5886	15.9059	0.0000	0.0000	0.2111	0.0000	1.2012	8156.7005	0.0000	1.3676	0.0000	0.5025	0.0974	1.2374	0.5166	1.1714	0.0000	49.8634	0.3047	0.7395
2016/03/04	13:29:03.697	2.8070	4.8201	0.4633	0.0000	0.1760	0.0259	1.7256	0.3286	824.6776	16.9141	0.0005	0.0000	0.1342	0.0000	1.6041	8011.7714	0.0000	1.4490	0.0000	0.4380	0.1484	1.2963	0.4792	1.3213	0.0000	52.1839	0.0000	0.5210
2016/03/04	13:29:13.058	2.8116	2.3842	0.4924	0.0000	0.1234	0.0462	1.7002	0.4199	813.0234	16.1992	0.0000	0.0000	0.1881	0.0000	1.1402	8627.8953	0.0000	1.3407	0.0000	0.4516	0.0343	1.1557	0.5156	1.2330	0.0000	51.9453	0.0000	0.9095
2016/03/04	13:29:23.277	2.8233	81.9751	0.4909	0.0000	0.1542	0.0087	1.7493	0.4434	823.0535	15.5740	0.0000	0.0000	0.2278	0.0000	1.1659	8363.8577	0.0000	1.0417	0.0000	0.3962	0.0724	1.1900	0.4873	1.1449	0.0000	48.6873	0.0000	0.6624
2016/03/04	13:29:32.638	1.0057	7.3613	0.4363	0.0000	0.1627	0.0000	1.7359	0.4690	805.8607	17.8378	0.0000	0.0000	0.1669	0.0000	1.4712	7607.4811	0.0000	1.5688	0.0000	0.4682	0.0378	1.2259	0.4966	1.5015	0.0000	55.8431	0.0000	0.8233
2016/03/04	13:29:42.820	2.9374	84.4024	0.5208	0.0000	0.1822	0.0000	1.7454	0.3764	811.6566	16.9248	0.0000	0.0000	0.2653	0.0000	1.5513	8228.1296	0.0000	1.4955	0.0000	0.4695	0.1001	1.2498	0.5083	1.4014	0.0000	55.4962	0.0000	0.8668
2016/03/04	13:29:52.761	1.5130	80.1135	0.4731	0.0000	0.2116	0.0000	1.7232	0.4991	797.0011	16.3277	0.0000	0.0089	0.3009	0.0000	0.7259	7835.1869	0.0000	1.1584	0.0000	0.3751	0.0011	1.2591	0.4572	1.1020	0.0000	48.9244	0.0000	0.6344
2016/03/04	13:30:02.122	1.6762	86.2519	0.5113	0.0000	0.1813	0.0311	1.6912	0.5173	787.7205	13.9521	0.0015	0.0045	0.0878	0.0000	0.7942	8060.7918	0.0000	1.1600	0.0000	0.3116	0.0651	1.1966	0.5014	1.2323	0.0000	53.0384	0.0887	0.5532
2016/03/04	13:30:12.418	3.7456	50.8700	0.4593	0.0000	0.1047	0.0398	1.6940	0.4235	785.8557	12.1996	0.0000	0.0000	0.3007	0.0000	1.4101	8313.5702	0.0005	1.4955	0.0062	0.4351	0.0271	1.2162	0.4863	1.3846	0.0000	53.8673	0.0000	0.5692
2016/03/04	13:30:21.868	2.8741	3.9686	0.4681	0.0000	0.1617	0.0235	1.7014	0.3447	784.4852	15.2285	0.0000	0.0000	0.2944	0.0000	1.5675	8296.9106	0.0000	1.4103	0.0000	0.4639	0.0569	1.2144	0.5124	1.5206	0.0000	52.4771	0.0000	0.9985
2016/03/04	13:30:31.776	1.3133	3.3707	0.4871	0.0000	0.1759	0.0243	1.7120	0.3410	797.3143	14.9502	0.0000	0.0000	0.2159	0.0000	1.5576	7849.7699	0.0000	1.1542	0.0000	0.4160	0.0096	1.1736	0.4959	1.3945	0.0000	52.0985	0.0000	0.9118
2016/03/04	13:30:43.945	0.5623	2.9524	0.4766	0.0000	0.2627	0.0000	1.7530	0.3515	771.1424	18.2202	0.0000	0.0000	0.2527	0.0000	1.6308	7258.0390	0.0000	1.1519	0.0115	0.3951	0.0186	1.2391	0.4297	1.3561	0.0000	51.3905	0.0007	0.9327
2016/03/04	13:30:53.691	2.8093	2.8676	0.4995	0.0000	0.2243	0.0000	1.6531	0.4674	781.7297	15.5085	0.0000	0.0000	0.1782	0.0000	1.0213	7340.7535	0.0000	0.9039	0.0669	0.3656	0.0032	1.2777	0.4948	1.4473	0.0000	46.5465	0.0000	1.1532
2016/03/04	13:31:08.081	4.5528	85.7897	0.4853	0.0000	0.2164	0.0282	1.7063	0.4261	772.3341	16.0985	0.0000	0.0000	0.1663	0.0000	1.3936	8575.5339	0.0000	1.0873	0.0000	0.4639	0.0524	1.2038	0.5335	1.4772	0.0000	55.3739	0.0000	0.5719
2016/03/04	13:31:17.611	2.9580	4.2686	0.5302	0.0000	0.1286	0.0318	1.7253	0.4408	764.9277	13.8488	0.0000	0.0000	0.2755	0.0000	0.9950	7857.5902	0.0000	1.2367	0.0599	0.3836	0.0334	1.2825	0.4833	1.2687	0.0000	51.2826	0.0000	0.6263
2016/03/04	13:31:32.308	3.5566	4.4521	0.4896	0.0000	0.0883	0.0000	1.7360	0.4442	774.4944	16.8107	0.0000	0.0000	0.2304	0.0000	0.9938	7625.4371	0.0000	1.1768	0.0410	0.4007	0.0402	1.2469	0.4542	0.9968	0.0000	54.7254	0.0000	0.9186
2016/03/04	13:31:46.764	2.7794	3.5926	0.4757	0.0000	0.2197	0.0076	1.7113	0.3848	776.6473	18.1706	0.0000	0.0189	0.2300	0.0000	1.8101	6955.6616	0.0000	1.2470	0.0000	0.3604	0.0000	1.2540	0.4938	1.1391	0.0000	53.8269	0.0029	0.8670
2016/03/04	13:31:56.555	2.0568	2.8215	0.5147	0.0000	0.2303	0.0228	1.7199	0.3792	781.4003	17.2986	0.0014	0.0000	0.1819	0.0000	1.9933	7440.0203	0.0000	1.0937	0.0000	0.3519	0.0706	1.2678	0.4733	1.3916	0.0000	49.2433	0.0000	0.6659
2016/03/04	13:32:11.107	1.0264	92.6470	0.4763	0.0000	0.1220	0.0132	1.7228	0.4923	809.7606	18.1297	0.0000	0.0000	0.2302	0.0000	1.4132	7341.1516	0.0000	1.2929	0.0000	0.4064	0.0201	1.2187	0.5280	1.4274	0.0000	50.5693	0.0000	0.6447
2016/03/04	13:32:20.559	1.1251	4.3347	0.5244	0.0000	0.1740	0.0010	1.7306	0.4008	863.8258	16.6334	0.0000	0.0335	0.1891	0.0000	1.1056	7494.2028	0.0000	1.3545	0.0394	0.3178	0.0093	1.2247	0.4368	1.6058	0.0000	50.6616	0.0000	0.8096
2016/03/04	13:32:31.996	3.0017	63.6354	0.5363	0.0000	0.1937	0.0233	1.7307	0.4244	822.5118	15.3738	0.0000	0.0000	0.2452	0.0000	1.6893	7354.3614	0.0000	1.7397	0.0000	0.4030	0.0253	1.2276	0.4657	1.2521	0.0000	50.7471	0.0387	0.9558
2016/03/04	13:32:48.228	4.4599	81.8666	0.4887	0.0000	0.2093	0.0315	1.7150	0.4140	813.9944	16.0704	0.0000	0.0000	0.2671	0.0000	1.4589	8579.0240	0.0000	1.3219	0.0705	0.4566	0.0569	1.2311	0.5093	1.2858	0.0000	49.2063	0.0000	0.2380
2016/03/04	13:32:57.773	0.8572	4.2190	0.5154	0.0000	0.2452	0.0000	1.7125	0.4294	781.2827	14.0723	0.0000	0.0000	0.0813	0.0000	1.0988	7335.2428	0.0000	1.5433	0.0433	0.4477	0.0399	1.2404	0.4777	1.6381	0.0000	51.6369	0.0000	0.3633
2016/03/04	13:33:08.000	1.8112	3.7076	0.5106	0.0000	0.2140	0.0086	1.7650	0.4114	756.8480	17.5061	0.0000	0.0077	0.2073	0.0000	0.9516	6874.8919	0.0000	1.1838	0.0000	0.3304	0.0672	1.3045	0.4608	1.2205	0.0000	48.7850	0.0000	0.9237
2016/03/04	13:33:23.594	1.3821	91.5486	0.4658	0.0000	0.1495	0.0074	1.7355	0.3555	795.7612	15.8818	0.0000	0.0000	0.2109	0.0000	1.6076	8186.4045	0.0000	1.0959	0.0000	0.3835	0.0597	1.2159	0.4672	0.9384	0.0000	50.9381	0.0000	0.6894
2016/03/04	13:33:32.955	1.9541	9.2351	0.5039	0.0000	0.1289	0.0081	1.7176	0.4207	794.5553	18.7235	0.0000	0.0331	0.1834	0.0000	2.3058	7455.3628	0.0000	1.3372	0.0000	0.3197	0.0233	1.3393	0.5155	1.0443	0.0000	51.0673	0.0000	0.2989
2016/03/04	13:33:43.430	2.6813	73.2447	0.5020	0.0000	0.1877	0.0000	1.7578	0.3814	816.4816	15.0219	0.0000	0.0031	0.1759	0.0000	1.2341	7516.5415	0.0000	1.6300	0.0590	0.4184	0.0655	1.2255	0.4601	1.3559	0.0000	47.5853	0.0000	0.7325
2016/03/04	13:33:59.343	2.2913	3.7136	0.5101	0.0000	0.1840	0.0171	1.7131	0.4374	815.0986	15.7485	0.0000	0.0077	0.2454	0.0000	1.1128	7632.5851	0.0000	1.0935	0.0000	0.4089	0.0487	1.2766	0.4713	1.3255	0.0000	48.8692	0.0000	0.6454
2016/03/04	13:34:13.674	1.2466	6.1843	0.5211	0.0000	0.1993	0.0195	1.6782	0.4145	771.1757	20.0128	0.0000	0.0000	0.1759	0.0000	0.8888	7682.2034	0.0000	1.6811	0.0833	0.3321	0.0008	1.2453	0.5086	0.9213	0.0000	49.9998	0.0000	0.8361
2016/03/04	13:34:27.715	1.3651	90.4249	0.4880	0.0000	0.2701	0.0249	1.7358	0.3502	806.1786	14.5975	0.0000	0.0000	0.1731	0.0000	1.7976	7404.8956	0.0000	1.2322	0.0694	0.3847	0.0800	1.2859	0.5055	0.9852	0.0000	56.1321	0.0000	0.5486
2016/03/04	13:34:37.157	1.4089	3.4836	0.4887	0.0000	0.2096	0.0131	1.7426	0.4201	806.0234	17.3561	0.0005	0.0000	0.2040	0.0000	1.0039	7626.9879	0.0000	1.5137	0.0588	0.3860	0.0286	1.2707	0.5148	0.9440	0.0000	52.9388	0.0000	0.5208
2016/03/04	13:34:54.176	2.7091	6.1508	0.5277	0.0000	0.2092	0.0096	1.6719	0.4013	801.8041	17.6970	0.0000	0.0000	0.2520	0.0000	1.8154	8097.2032	0.0000	1.3392	0.0274	0.4569	0.0809	1.2541	0.4823	1.2997	0.0000	50.3695	0.0000	0.8996
2016/03/04	13:35:09.886	4.3562	6.8350	0.4994	0.0000	0.1601	0.0000	1.6862	0.3894	820.6728	17.0010	0.0000	0.0000	0.3032	0.0000	1.4157	7859.1510	0.0000	0.8325	0.0000	0.4291	0.0438	1.3008	0.4757	1.4170	0.0000	49.5296	0.0000	0.4859
2016/03/04	13:35:19.336	1.2316	2.5137	0.4807	0.0000	0.0910	0.0387	1.7059	0.4144	798.1158	16.4513	0.0010	0.0066	0.1676	0.0000	1.5284	7677.5808	0.0000	1.1235	0.0000	0.4184	0.0570	1.1908	0.5328	1.2059	0.0000	46.1078	0.0244	0.6354
2016/03/04	13:35:29.025	1.0566	4.1287	0.5170	0.0000	0.2165	0.0218	1.6855	0.4346	783.0840	17.0050	0.0010	0.0000	0.1983	0.0000	1.5012	7804.3658	0.0006	1.6307	0.0000	0.4290	0.0953	1.2544	0.5088	1.1019	0.0000	53.1717	0.0445	0.1501
2016/03/04	13:35:38.386	2.6326	90.9788	0.5093	0.0000	0.1858	0.0093	1.7454	0.3680	783.4517	17.9547	0.0000	0.0000	0.2358	0.0000	1.4264	7934.4193	0.0000	1.2339	0.0359	0.4415	0.0514	1.2530	0.4747	1.3095	0.0000	48.0867	0.0254	0.6384
2016/03/04	13:35:52.427	0.5422	83.8621	0.4772	0.0000	0.2309	0.0155	1.7279	0.4176	794.6260	18.3446	0.0000	0.0000	0.1221	0.0005	1.4962	7260.2037	0.0000	1.4842	0.0000	0.4581	0.0872	1.2470	0.4673	1.1859	0.0000	52.4076	0.0000	0.9433
2016/03/04	13:36:01.880	1.0090	6.6152	0.4953	0.0000	0.2411	0.0098	1.7337	0.3681	789.8584	16.3854	0.0000	0.0005	0.2557	0.0000	1.7578	7795.2282	0.0000	1.0226	0.0054	0.3226	0.0430	1.2778	0.5064	1.2355	0.0000	53.0359	0.0000	1.0667
2016/03/04	13:36:11.241	2.8667	5.7170	0.5223	0.0000	0.1570	0.0007	1.7590	0.4416	782.0218	18.4647	0.0008	0.0000	0.1692	0.0000	1.7672	7575.1812	0.0000	1.2673	0.0114	0.3426	0.0153	1.2352	0.4669	1.1814	0.0000	50.8267	0.0000	0.4668
2016/03/04	13:36:21.526	1.1437	6.3613	0.4360	0.0000	0.2522	0.0000	1.6800	0.3220	780.2566	16.9592	0.0011	0.0000	0.1377	0.0000	1.6947	7899.9133	0.0000	1.1575	0.0000	0.3542	0.0504	1.2481	0.4887	1.1581	0.0000	49.2130	0.0000	0.9945
2016/03/04	13:36:36.308	1.0843	3.6999	0.4809	0.0000	0.0366	0.0366	1.6925	0.3196	778.5134	16.3970	0.0000	0.0146	0.2216	0.0000	1.4691	7467.9789	0.0000	1.1227	0.0095	0.3420	0.0467	1.2402	0.5160	1.0165	0.0000	51.6342	0.0671	0.7181
2016/03/04	13:37:02.486	1.4366	90.0971	0.4744	0.0000	0.2260	0.0157	1.6278	0.3860	776.4847	14.3238	0.0000	0.0015	0.1308	0.0000	1.5736	7811.1238	0.0000	1.4582	0.0000	0.4466	0.0296	1.2852	0.4899	1.1079	0.0000	47.9130	0.0000	0.5605
2016/03/04	13:37:11.846	4.7980	5.0351	0.5376	0.0000	0.1798	0.0092	1.7126	0.3716	769.5115	16.1969	0.0000	0.0085	0.1867	0.0000	1.1028	7690.1256	0.0000	1.2274	0.0000	0.4414	0.0301	1.2751	0.4943	1.4182	0.0000	50.3903	0.0000	0.4912
2016/03/04	13:37:22.614	2.7580	5.8526	0.4992	0.0000	0.3067	0.0245	1.6620	0.3581	769.8273	14.3428	0.0000	0.0000	0.2276	0.0000	1.1969	7903.8703	0.0000	0.9682	0.0000	0.3994	0.0780	1.2128	0.4892	1.3567	0.0000	53.0163	0.0000	1.0733
2016/03/04	13:37:33.146	3.5784	4.9489	0.4801	0.0000	0.1885	0.0387	1.7579	0.3770	768.6672	17.4940	0.0005	0.0000	0.3432	0.0000	2.0763	7919.7215	0.0000	1.4004	0.0000	0.4773	0.0825	1.2475	0.4908	1.0119	0.0000	51.7051	0.0000	0.7070
2016/03/04	13:37:44.785	1.1844	73.3173	0.5217	0.0000	0.1337	0.0187	1.6991	0.3744	770.1544	14.9447	0.0000	0.0000	0.2817	0.0000	1.5361	7554.2767	0.0000	1.4669	0.0000	0.4798	0.0333	1.2634	0.5002	1.2101	0.0000	51.3121	0.2138	0.5348
2016/03/04	13:37:54.711	1.1080	92.1396	0.5222	0.0000	0.1847	0.0000	1.7252	0.3932	774.9224	17.3391	0.0000	0.0000	0.2469	0.0000	1.2397	7404.2594	0.0000	1.1871	0.0000	0.3262	0.0677	1.1785	0.4962	0.8890	0.0000	50.1848	0.0000	0.7371
2016/03/04	13:38:04.690	1.2718	2.4437	0.4646	0.0000	0.2030	0.0231	1.6963	0.3298	763.8531	18.4950	0.0000	0.0000	0.1621	0.0000	1.5521	7388.7398	0.0000	1.1952	0.1234	0.4321	0.0753	1.2940	0.5279	1.0643	0.0000	54.1193	0.0000	0.5621
2016/03/04	13:38:14.051	2.8507	2.7485	0.5088	0.0000	0.1975	0.0223	1.6576	0.3823	767.4832	16.6953	0.0010	0.0000	0.2511	0.0000	1.4657	7915.3879	0.0000	1.3154	0.0000	0.4399	0.0909	1.1733	0.4634	1.0136	0.0000	52.9477	0.0000	0.5190
2016/03/04	13:38:28.340	0.9513	81.5710	0.5138	0.0000	0.1306	0.0309	1.6620	0.3584	769.1337	16.3687	0.0000	0.0000	0.1069	0.0000	1.7349	8060.1249	0.0000	1.3425	0.0000	0.5217	0.0850	1.2529	0.4539	1.3195	0.0000	48.2173	0.0000	0.8237
2016/03/04	13:38:37.702	3.5964	3.4589	0.5052	0.0000	0.1950	0.0000	1.6531	0.4017	780.1408	15.0030	0.0000	0.0304	0.2851	0.0000	0.9524	7074.9734	0.0000	1.3573	0.0070	0.3858	0.0014	1.1952	0.4643	1.6743	0.0000	53.9656	0.0000	0.8475
2016/03/04	13:38:47.340	1.0371	3.7054	0.5128	0.0000	0.2191	0.0089	1.6877	0.3726	777.0207	18.7838	0.0000	0.0000	0.2335	0.0000	1.4506	7478.7294	0.0000	1.3705	0.0000	0.4142	0.0271	1.2291	0.4803	1.4738	0.0000	51.9551	0.0000	0.3351
2016/03/04	13:38:56.701	2.6939	89.1150	0.5058	0.0000	0.1973	0.0016	1.7205	0.3921	778.5283	18.2392	0.0000	0.0000	0.2831	0.0000	1.8498	7186.5712	0.0000	1.1616	0.0497	0.4260	0.0410	1.2300	0.4352	1.5212	0.0000	52.2663	0.0000	0.9037
2016/03/04	13:39:11.368	4.2069	3.6862	0.4932	0.0000	0.2075	0.0104	1.7278	0.3966	770.4663	16.2369	0.0000	0.0083	0.2205	0.0000	1.6567	6891.4497	0.0000	1.1048	0.0083	0.4044	0.0402	1.3867	0.5010	1.2308	0.0000	50.6802	0.0000	0.7008
2016/03/04	13:39:20.878	0.8725	2.7646	0.4980	0.0000	0.1371	0.0354	1.7125	0.3371	767.5189	16.0859	0.0000	0.0000	0.1824	0.0000	1.3294	7231.8493	0.0000	1.3214	0.0690	0.3478	0.0054	1.2267	0.4539	1.1326	0.0000	48.1905	0.0687	0.8203
2016/03/04	13:39:30.531	1.0386	2.9498	0.5235	0.0000	0.1423	0.0014	1.7155	0.3462	795.8569	15.8036	0.0000	0.0130	0.1569	0.0000	1.3996	7297.3905	0.0000	1.4078	0.0000	0.4172	0.0150	1.3061	0.5241	0.9744	0.0000	52.6782	0.0000	0.6908
2016/03/04	13:39:40.704	0.8999	92.7873	0.5103	0.0000	0.1266	0.0293	1.6676	0.4281	782.4624	17.6672	0.0000	0.0000	0.1103	0.0000	1.2035	7500.3921	0.0000	1.3194	0.0000	0.4124	0.0723	1.2821	0.4873	1.3331	0.0000	51.3631	0.0000	0.7311
2016/03/04	13:39:50.647	0.4796	2.9993	0.4693	0.0000	0.1733	0.0117	1.6933	0.3647	774.1110	16.8844	0.0000	0.0000	0.1746	0.0000	1.5311	7911.4902	0.0000	1.3762	0.0676	0.4644	0.0436	1.2184	0.4399	1.0550	0.0000	55.9746	0.1277	0.4179
2016/03/04	13:40:00.141	2.4212	94.3899	0.4966	0.0000	0.2766	0.0123	1.6708	0.3618	754.5525	17.2063	0.0000	0.0000	0.2310	0.0000	0.9274	7141.0868	0.0000	0.9714	0.1945	0.3818	0.0507	1.2482	0.4643	1.1181	0.0000	49.1587	0.0354	1.0405
2016/03/04	13:40:09.502	0.4759	94.3806	0.4996	0.0000	0.1262	0.0025	1.6519	0.3278	763.8461	17.2449	0.0000	0.0000	0.1519	0.0000	0.7423	7178.8753	0.0000	1.2148	0.0649	0.3740	0.0224	1.2842	0.4376	1.1662	0.0000	49.9355	0.0000	0.1441
2016/03/04	13:40:25.416	2.8416	2.0428	0.5090	0.0000	0.1667	0.0380	1.6956	0.4070	767.3550	14.3400	0.0005	0.0350	0.2359	0.0000	1.3652	7434.1015	0.0000	1.2345	0.0564	0.3326	0.0539	1.2774	0.4689	1.2906	0.0000	47.6950	0.0000	0.5536
2016/03/04	13:40:34.880	3.0554	19.4463	0.5266	0.0000	0.2274	0.0000	1.6504	0.3340	775.9503	17.3852	0.0000	0.0044	0.2339	0.0000	0.7944	7620.9586	0.0000	1.2170	0.0000	0.4032	0.0499	1.2199	0.4722	1.1964	0.0000	53.5180	0.0726	0.5895
2016/03/04	13:40:44.325	2.9128	4.6609	0.5175	0.0000	0.1381	0.0325	1.6970	0.4319	773.8444	17.7009	0.0000	0.0000	0.2493	0.0000	1.1832	7780.4195	0.0000	1.1615	0.0000	0.3331	0.0282	1.2526	0.4810	1.1950	0.0000	47.2480	0.0000	0.3402
2016/03/04	13:40:54.180	1.6806	82.8706	0.4941	0.0000	0.1992	0.0000	1.7516	0.3450	763.9802	14.2933	0.0000	0.0000	0.1141	0.0000	1.4562	6720.6743	0.0000	1.3880	0.0000	0.3416	0.0194	1.2796	0.4756	1.5007	0.0000	52.6751	0.0000	0.4450
2016/03/04	13:41:03.719	1.2172	2.6444	0.5110	0.0000	0.1705	0.0060	1.7127	0.3576	818.2258	15.3873	0.0000	0.0000	0.2236	0.0000	0.8723	7412.4144	0.0000	1.1960	0.0000	0.3948	0.0211	1.2582	0.4529	1.1851	0.0000	47.4181	0.0000	0.5277
2016/03/04	13:41:13.951	0.6865	3.0436	0.5470	0.0000	0.2756	0.0241	1.7409	0.3140	813.9086	15.5231	0.0000	0.0000	0.1940	0.0000	1.4171	7346.9739	0.0000	1.0950	0.0000	0.3855	0.0000	1.2955	0.4874	1.1518	0.0000	53.4563	0.0000	0.2219
2016/03/04	13:41:23.572	2.8959	3.9075	0.4845	0.0000	0.1562	0.0000	1.7403	0.2901	786.6342	18.3391	0.0000	0.0273	0.2458	0.0000	1.5728	7556.6991	0.0000	1.2677	0.0000	0.3651	0.0337	1.2600	0.4715	1.3178	0.0000	47.8500	0.0000	0.5418
2016/03/04	13:41:33.012	0.6763	3.1501	0.4970	0.0000	0.1822	0.0168	1.6800	0.3501	793.2277	15.2895	0.0000	0.0040	0.2344	0.0000	1.2985	7370.0433	0.0000	1.1430	0.0000	0.3675	0.1136	1.2573	0.4916	1.4350	0.0000	48.7706	0.0000	0.7246
2016/03/04	13:41:47.054	1.0107	87.5885	0.5313	0.0000	0.2288	0.0000	1.7022	0.4017	786.2180	15.5500	0.0000	0.0000	0.1849	0.0000	1.4471	7220.9155	0.0000	1.3574	0.0000	0.3184	0.0166	1.3161	0.4515	1.3922	0.0000	49.0488	0.0000	1.1175
2016/03/04	13:41:56.415	1.3375	79.2907	0.4885	0.0000	0.1668	0.0174	1.7294	0.3496	781.1961	17.6964	0.0000	0.0000	0.2601	0.0000	1.0424	7522.6509	0.0000	1.3317	0.0000	0.3813	0.0531	1.2894	0.5029	1.7191	0.0000	54.3264	0.0000	0.4673
2016/03/04	13:42:05.777	2.5428	4.4375	0.5234	0.0000	0.2819	0.0000	1.7463	0.3559	790.1994	14.5697	0.0000	0.0006	0.2260	0.0000	1.7904	7275.4312	0.0000	1.4165	0.0000	0.4424	0.0263	1.2469	0.4977	1.2194	0.0000	47.3706	0.1898	0.8894
2016/03/04	13:42:15.391	1.3533	74.4763	0.4953	0.0000	0.2158	0.0281	1.6880	0.3809	792.9329	16.2733	0.0000	0.0260	0.3185	0.0000	1.7062	7424.0978	0.0000	1.2954	0.0483	0.4141	0.0579	1.2749	0.4834	1.5105	0.0000	50.8996	0.0000	0.6880
2016/03/04	13:42:24.752	2.2869	2.0584	0.4576	0.0000	0.2335	0.0238	1.7002	0.4145	783.2866	20.6804	0.0000	0.0313	0.1868	0.0000	0.6745	7562.2013	0.0000	1.0343	0.0000	0.4490	0.0785	1.2400	0.4792	1.6751	0.0000	53.8700	0.0000	0.6573
2016/03/04	13:42:34.113	1.2973	3.4308	0.5027	0.0000	0.1823	0.0122	1.7143	0.3559	790.0249	16.8074	0.0016	0.0429	0.1833	0.0000	1.4547	7328.9466	0.0000	0.9662	0.0642	0.3081	0.0531	1.2890	0.4673	1.1004	0.0000	48.7655	0.0971	0.7349
2016/03/04	13:42:48.327	0.6266	76.3639	0.5410	0.0000	0.1907	0.0145	1.7288	0.4321	817.0693	14.2532	0.0000	0.0000	0.2494	0.0000	1.9197	7102.0100	0.0000	1.2766	0.0000	0.3481	0.0124	1.2018	0.4600	1.5946	0.0000	52.5963	0.1253	1.0623
2016/03/04	13:42:58.123	2.7340	47.2549	0.5197	0.0000	0.2350	0.0170	1.6712	0.3769	792.8671	19.6052	0.0000	0.0000	0.1723	0.0000	1.2807	7671.3022	0.0000	1.4712	0.0000	0.4293	0.0420	1.2543	0.5144	1.2017	0.0000	54.7834	0.0000	1.1597
2016/03/04	13:43:07.484	3.2835	4.6227	0.5055	0.0000	0.1083	0.0013	1.7042	0.4008	790.9005	16.5101	0.0000	0.0000	0.2124	0.0000	0.9049	7243.2311	0.0000	1.3012	0.0078	0.3441	0.0274	1.2522	0.4511	1.2298	0.0000	51.6478	0.0000	0.9976
2016/03/04	13:43:17.443	3.8260	94.7073	0.5269	0.0000	0.1890	0.0151	1.7083	0.3817	766.8149	14.9424	0.0000	0.0000	0.1989	0.0000	1.5682	7008.3186	0.0000	1.1295	0.0000	0.3687	0.0000	1.2831	0.4241	1.1699	0.0000	48.4146	0.0000	0.8981
2016/03/04	13:43:26.963	1.0718	7.8670	0.5139	0.0000	0.1969	0.0375	1.6817	0.3871	789.7777	18.4612	0.0000	0.0000	0.2142	0.0000	1.4592	7609.3634	0.0000	1.2077	0.0739	0.3714	0.0373	1.2163	0.4737	1.8498	0.0000	47.1106	0.0000	1.0199
2016/03/04	13:43:36.324	0.4685	4.4944	0.4951	0.0000	0.2027	0.0008	1.6943	0.4250	885.1106	15.5526	0.0000	0.0000	0.1556	0.0000	1.9003	7208.7746	0.0000	1.1799	0.0000	0.3934	0.0339	1.2788	0.4707	1.3809	0.0000	52.7932	0.0000	0.6424
2016/03/04	13:43:45.685	0.8230	6.1052	0.4663	0.0000	0.2478	0.0000	1.7115	0.7772	795.0689	16.8731	0.0000	0.0000	0.2270	0.0000	1.5566	7665.2085	0.0000	1.1378	0.0000	0.4815	0.0122	1.2008	0.4819	1.0176	0.0000	50.5270	0.0646	0.1685
2016/03/04	13:43:55.816	3.8650	7.1805	0.4673	0.0000	0.6874	0.0014	2.0067	7.4812	802.8780	15.4536	0.0000	0.8139	0.3732	0.0000	1.0296	9563.8407	0.0000	1.3978	0.0016	0.7471	0.0817	0.9266	0.5038	1.2215	0.0000	53.4774	0.1259	1.1443
2016/03/04	13:44:08.296	3.5649	6.0712	0.5665	0.0491	2.6899	0.0038	3.5390	34.7951	830.7461	14.7779	0.0000	2.4901	0.6049	0.0000	1.1249	9900.1015	0.0000	1.8364	0.0000	0.8588	0.0382	0.5799	0.4640	1.5089	0.0000	54.6009	0.0000	3.2979
2016/03/04	13:44:17.657	4.1189	19.5846	0.6371	0.2593	4.2482	0.0194	5.1258	58.9825	884.2633	14.9647	0.0000	3.4696	0.7789	0.0000	1.4880	10898.1901	0.0012	2.4193	0.0000	1.1818	0.0771	0.0945	0.0000	1.0262	0.0000	56.2860	0.5668	5.0723
2016/03/04	13:44:27.019	14.1115	23.7732	0.7975	0.7352	6.7646	0.0646	7.2496	99.9407	980.2525	16.6165	0.0000	6.0158	1.4275	0.0000	1.2638	14662.9388	0.0000	2.8703	0.0000	1.8102	0.0171	0.0000	0.0000	1.1830	0.0000	59.0165	0.6079	8.5390
2016/03/04	13:44:38.252	5.4606	12.9958	1.3024	0.2142	4.3974	0.0000	5.3711	68.6638	918.5364	15.0538	0.0000	3.5008	1.2186	0.0000	2.1149	12304.7245	0.0000	2.6750	0.0000	1.3047	0.1058	0.0000	0.0000	1.6880	0.0000	54.0309	0.3953	8.2074
2016/03/04	13:44:47.614	4.4371	11.8518	1.4735	0.3963	4.4366	0.0020	5.7446	72.6021	914.1409	11.6023	0.0000	3.4846	1.0914	0.0000	1.9736	11862.3968	0.0000	3.0160	0.0000	1.4235	0.0014	0.0000	0.0000	1.2601	0.0000	53.7154	0.5659	8.1574
2016/03/04	13:45:01.932	4.1237	15.9984	2.1578	0.5622	5.0827	0.0000	6.8369	105.1702	1027.7819	15.0767	0.0008	4.4472	1.6131	0.0000	1.5873	14101.5512	0.0000	4.2530	0.0000	2.1432	0.1092	0.0000	0.0000	1.3676	0.0000	54.9305	0.9022	11.0581
2016/03/04	13:45:11.293	3.1470	8.5284	2.8033	1.1852	8.3414	0.2346	10.7053	182.1669	1256.4389	11.0963	0.0000	7.6314	1.9679	0.0925	1.7441	19012.2310	0.0000	6.1876	0.0000	2.8462	0.0406	0.0000	0.0000	2.1382	0.0000	56.9325	1.9146	14.0168
2016/03/04	13:45:21.622	6.5289	10.7251	4.8515	1.0280	6.8705	0.2410	9.8481	173.6882	1253.2255	12.5078	0.0000	6.9077	2.4787	0.0000	2.1862	18851.5105	0.0000	6.0396	0.0000	2.8906	0.0144	0.0000	0.0000	1.5218	0.0000	56.4984	1.9296	16.6958
2016/03/04	13:45:31.346	14.1871	8.0677	5.6581	0.8025	6.0519	0.3004	9.8780	166.4309	1307.1592	15.3597	0.0000	7.1248	2.8671	0.0235	1.0045	17959.5733	0.0000	6.5237	0.0000	2.9007	0.0320	0.0000	0.0000	1.3930	0.0000	54.6952	1.9755	17.3044
2016/03/04	13:45:40.760	14.4411	7.6072	5.0593	0.4846	4.1351	0.0838	8.1336	121.9362	1185.2850	11.2958	0.0000	5.1365	2.3386	0.0000	1.0871	14244.8069	0.0000	5.3205	0.0000	2.2303	0.0420	0.0000	0.0000	1.7404	0.0000	50.6858	0.0000	14.5266
2016/03/04	13:45:50.121	18.9477	9.1108	6.5946	0.6582	5.4014	0.0054	10.2215	169.5832	1407.8580	13.6228	0.0000	7.3101	2.7389	0.1111	1.5229	18551.6282	0.0000	6.9426	0.0000	3.0796	0.0723	0.0000	0.0000	1.9993	0.0000	3.8571	2.1717	19.0817
2016/03/04	13:45:59.794	8.4295	10.0274	9.8164	1.0164	8.5643	0.8671	16.1908	251.6440	1820.6452	12.7713	0.0000	12.4225	3.9624	0.2283	1.9519	25836.3210	0.0000	10.2548	0.0000	4.8117	0.0962	0.0000	0.0000	1.9755	0.0000	6.0168	3.0652	27.6138
2016/03/04	13:46:09.342	14.6349	9.3186	7.4365	0.3593	4.3364	0.2184	9.6022	143.3879	1367.9608	10.5680	0.0000	6.4205	3.1573	0.0648	1.9927	16981.7854	0.0000	6.2982	0.0000	2.9599	0.1279	0.0000	0.0000	1.5766	0.0000	51.4363	2.3587	20.3825
2016/03/04	13:46:21.647	13.2833	9.6117	8.6937	0.5658	5.6826	0.4576	11.8327	161.1022	1476.2511	13.2014	0.0000	8.1017	2.9393	0.0584	1.5565	17878.6474	0.0000	7.2570	0.0000	3.3594	0.1563	0.0000	0.0000	1.3118	0.0000	51.9314	2.4901	21.6642
2016/03/04	13:46:26.328	14.0318	10.8088	8.1348	0.3627	5.2709	0.2153	11.2165	146.4696	1443.4732	15.0693	0.0000	7.4897	2.7181	0.0008	1.2232	17139.8268	0.0000	6.3308	0.0000	3.0855	0.0248	0.0000	0.0000	1.8368	0.0000	53.8234	2.2320	20.5363
2016/03/04	13:46:42.494	11.0942	11.6234	14.1499	1.0706	9.4552	1.1223	19.7752	235.4205	1954.8770	11.4946	0.0000	13.2073	3.7151	0.2800	1.6341	24646.9078	0.0000	10.7877	0.0000	5.0418	0.0706	0.0000	0.0000	1.9704	0.0000	4.9868	3.0277	27.8627
2016/03/04	13:46:53.840	8.2638	10.1031	15.2248	0.7739	8.8191	1.3256	19.2285	221.3637	1929.9570	7.2062	0.0012	12.6721	3.9850	0.3730	2.0127	24492.7056	0.0000	10.1685	0.0000	4.9592	0.0433	0.0000	0.0000	1.9467	0.0000	4.7376	3.0202	29.9301
2016/03/04	13:47:03.650	16.5681	10.7682	10.1044	0.3737	5.8252	0.3462	14.0549	144.8427	1511.2221	13.7653	0.0000	7.8333	2.4605	0.0771	1.2797	17392.8435	0.0000	7.1260	0.0000	3.3988	0.0506	0.0000	0.0000	1.5028	0.0000	6.7275	2.2235	20.2083
2016/03/04	13:47:13.779	17.9287	10.1591	16.5094	0.8756	9.5718	1.1923	21.8516	215.9649	1961.0705	13.0960	0.0000	12.4547	3.5332	0.3709	2.1373	24359.4809	0.0000	10.2350	0.0000	4.8781	0.1091	0.0000	0.0000	1.4437	0.0000	8.6257	3.5855	30.5818
2016/03/04	13:47:23.555	10.6157	11.3048	20.9813	1.0085	10.9047	1.7716	24.9851	237.0222	2130.1033	9.7790	0.0000	14.1898	4.0535	0.4401	1.0227	26610.7665	0.0005	10.9705	0.0000	5.5934	0.0572	0.0153	0.0000	1.9536	0.0000	1.2771	3.5587	37.5583
2016/03/04	13:47:33.107	23.3338	9.2316	17.7945	0.6910	9.0231	1.2643	21.5477	199.9007	1924.0602	10.4906	0.0000	11.7113	3.3177	0.4036	2.7211	23248.2177	0.0000	9.1638	0.0000	4.8247	0.0847	0.0000	0.0000	1.8686	0.0000	4.8110	3.3191	31.7383
2016/03/04	13:47:42.882	15.7073	10.7029	14.8231	0.6309	7.8753	0.7984	18.9311	168.8823	1721.9710	16.2998	0.0000	9.5417	2.7385	0.1816	1.5051	20122.4576	0.0000	8.1375	0.0000	4.1248	0.0892	0.0000	0.0000	1.7610	0.0000	7.4834	2.9276	26.8900
2016/03/04	13:47:52.244	21.5993	9.6864	19.1215	0.9180	11.2922	1.5998	24.8138	205.6525	1962.4249	11.1244	0.0000	12.0430	3.1145	0.2806	1.7914	22923.5504	0.0000	9.4242	0.0000	4.7662	0.0282	0.0000	0.0000	1.6142	0.0000	5.2428	3.3890	26.5356
2016/03/04	13:48:01.605	27.3727	11.0396	25.6743	1.4556	16.0885	2.3632	34.0645	261.1254	2285.5584	15.9362	0.0000	15.9886	3.6597	0.5224	1.5105	26926.9019	0.0000	11.4257	0.0000	5.7332	0.0946	0.0000	0.0000	1.7419	0.0000	2.6291	3.5035	34.9499
2016/03/04	13:48:12.686	22.3533	11.5622	20.1841	0.4480	7.2806	1.0921	20.5167	169.0540	1819.9254	12.7103	0.0000	9.8863	3.0162	0.3320	1.4544	20109.9379	0.0000	7.1542	0.0000	4.0980	0.1170	0.0000	0.0000	1.8644	0.0000	5.2559	3.0810	27.3539
2016/03/04	13:48:22.108	9.6800	10.9942	18.4622	0.5974	5.2416	0.7072	16.3021	195.9725	1788.5374	13.3424	0.0000	9.5069	4.4798	0.1602	2.6111	23782.0542	0.0000	5.7708	0.0000	4.0842	0.1079	0.0210	0.0000	1.5937	0.0000	5.4180	3.2180	34.2114
2016/03/04	13:48:31.626	28.5078	3.4103	23.8109	0.8987	6.0144	0.8646	20.4707	242.4440	2143.2138	9.5757	0.0000	7.9527	2.8656	0.3638	1.3140	30405.8193	0.0000	6.6266	0.0000	3.4097	0.2367	0.0000	0.0000	1.3252	0.0000	7.5859	2.4668	24.0210
2016/03/04	13:48:41.073	15.5822	0.3815	21.1723	1.1838	7.1637	0.5202	21.0643	245.1633	2041.9794	9.8938	0.0000	7.5215	2.2945	0.1796	1.4646	29090.4253	0.0000	6.4336	0.0000	3.0949	0.1133	0.0000	0.0000	1.6992	0.0000	5.5717	2.1794	20.3382
2016/03/04	13:48:50.515	7.3794	5.0003	22.2768	1.3070	8.0053	0.2990	21.7096	272.2698	2098.8989	12.4822	0.0000	8.5888	2.4164	0.1941	1.7855	28750.6589	0.0000	6.8059	0.0000	3.4552	0.1028	0.0000	0.0000	1.3513	0.0000	5.0121	2.5568	22.4231
2016/03/04	13:48:55.303	23.9009	3.9041	21.8439	1.1605	6.9443	0.5589	20.2998	257.6542	2092.6106	15.1356	0.0000	7.4213	2.1557	0.1894	2.1303	26904.0458	0.0000	6.6807	0.0000	3.0104	0.1289	0.0000	0.0000	1.5121	0.0000	7.5294	1.9355	17.0618
2016/03/04	13:49:06.537	21.6433	3.8428	19.7947	0.8490	5.1437	0.3838	15.9603	254.8079	1984.1945	13.8172	0.0000	6.6557	2.0722	0.0951	1.3886	25306.8370	0.0005	6.8016	0.0000	2.8395	0.1971	0.0000	0.0000	1.5801	0.0000	6.7107	1.9269	15.2785
2016/03/04	13:49:17.871	8.0604	6.5156	12.6652	0.5260	5.5155	0.2769	11.9813	131.8495	1434.1823	14.5372	0.0000	5.5448	1.5773	0.0000	1.4584	15467.4103	0.0000	4.8701	0.0000	1.9218	0.0321	0.0000	0.0000	1.7076	0.0000	4.0563	1.2721	12.7153
2016/03/04	13:49:30.418	8.5384	7.8522	7.6567	0.2622	4.2052	0.1418	9.7875	97.9370	1274.9683	13.1789	0.0000	3.8089	1.0851	0.0000	1.5011	12527.3098	0.0000	3.8892	0.0000	1.5581	0.0386	0.0000	0.0000	1.4288	0.0000	52.4446	1.1010	9.0041
2016/03/04	13:49:39.860	15.3447	6.8735	8.9713	0.4674	5.2237	0.0368	11.1150	109.5465	1322.5384	15.0454	0.0000	4.5209	1.0456	0.0242	1.4604	13361.3929	0.0000	4.2016	0.0000	1.6633	0.0537	0.0000	0.0000	1.6994	0.0000	52.2946	0.6838	10.2573
2016/03/04	13:49:50.970	7.2580	6.0482	7.9175	0.4710	4.4237	0.0040	10.3500	103.0804	1299.1666	19.7219	0.0000	3.4312	0.7207	0.0623	1.1045	12388.7357	0.0000	4.0065	0.0000	1.3758	0.1027	0.2318	0.0000	1.8573	0.0000	55.3173	0.5510	8.1184
2016/03/04	13:50:05.173	10.2152	6.8102	9.0794	0.4465	4.0120	0.0054	10.4072	115.4907	1396.4673	12.4368	0.0000	3.4507	0.8252	0.0078	0.9909	13312.7124	0.0000	4.5377	0.0000	1.3242	0.1304	0.2608	0.0000	2.0390	0.0000	55.5009	0.7021	8.1715
2016/03/04	13:50:15.550	3.9116	10.5367	6.3935	0.0000	1.8606	0.0011	6.5347	71.4512	1156.0864	17.7524	0.0000	1.6299	0.5115	0.0000	1.4899	10438.3750	0.0000	3.3447	0.0413	1.0005	0.0481	0.6411	0.0000	1.2875	0.0000	52.5139	0.0000	5.2270
2016/03/04	13:50:20.231	3.8467	10.9197	5.8835	0.0679	1.6752	0.0000	5.9585	66.0182	1137.0733	14.9165	0.0000	1.5317	0.5007	0.0000	1.0257	10203.7712	0.0000	2.9507	0.0000	0.9303	0.0847	0.7076	0.7000	1.0257	0.0000	54.2758	0.0000	4.9477
2016/03/04	13:50:34.413	5.0531	9.3480	8.0675	0.2378	2.5854	0.0013	8.4394	97.3728	1350.8521	16.6749	0.0000	2.1997	0.6633	0.0000	1.0393	12172.4777	0.0000	4.6121	0.0000	1.2260	0.0838	0.5345	0.0000	1.8663	0.0000	57.9505	0.2301	6.6211
2016/03/04	13:50:47.346	10.2656	5.6853	10.3740	0.3318	3.2710	0.0119	10.3856	117.9141	1471.0949	16.1858	0.0000	2.7516	0.6962	0.0000	1.4199	13281.7428	0.0000	5.6729	0.0000	1.3552	0.1098	0.3963	0.0000	1.4987	0.0000	54.0131	0.4555	8.1118
2016/03/04	13:50:57.084	5.3523	5.9968	9.7093	0.3124	3.2156	0.0065	10.0062	106.2665	1400.3455	15.0402	0.0000	2.6895	0.6470	0.0706	1.7161	12651.3985	0.0000	4.9492	0.0000	1.3706	0.0824	0.4170	0.0000	1.5308	0.0000	55.3125	0.5586	7.9688
2016/03/04	13:51:06.978	13.2532	4.5085	12.6582	0.5166	4.3008	0.0121	13.3369	136.5944	1585.7427	12.3778	0.0000	3.4552	0.6866	0.0000	1.2738	14356.7093	0.0000	6.1977	0.0000	1.5337	0.1200	0.2150	0.0000	1.3239	0.0000	55.4710	1.0198	5.9751
2016/03/04	13:51:11.658	12.4142	6.3378	13.7030	0.5270	4.2426	0.0263	13.5643	139.9777	1635.0537	13.6821	0.0000	3.6343	0.6274	0.0257	0.9404	14728.2257	0.0000	6.4797	0.0000	1.5546	0.1262	0.3142	0.0000	1.1160	0.0000	55.0433	0.6234	6.2183
2016/03/04	13:51:21.089	3.4349	10.9449	8.0384	0.0612	2.1718	0.0037	7.7503	81.0382	1280.4742	14.6243	0.0000	1.8842	0.5409	0.0000	1.7348	11621.1495	0.0000	4.1180	0.0000	1.1369	0.0957	0.7471	0.0000	1.5712	0.0000	55.1025	0.2177	6.2336
2016/03/04	13:51:31.584	12.5635	4.1224	12.2379	0.4178	3.5350	0.0109	11.7070	116.6981	1507.3847	17.3302	0.0000	2.8133	0.6058	0.0000	0.5889	13270.9111	0.0000	5.6788	0.0000	1.4048	0.0907	0.3970	0.0000	1.0367	0.0000	57.5464	0.4314	5.2062
2016/03/04	13:51:43.204	12.0312	6.8307	13.2325	0.5062	3.9359	0.0057	12.9075	130.3765	1617.3244	12.9529	0.0000	3.2825	0.6589	0.0000	1.0305	14279.9508	0.0000	5.6414	0.0000	1.4305	0.1624	0.3758	0.0000	1.2156	0.0000	61.4646	0.7695	5.8506
2016/03/04	13:51:52.728	3.7594	6.6350	10.7847	0.2411	3.5632	0.0076	11.4587	112.8604	1491.5948	15.2499	0.0000	2.8558	0.5599	0.0000	1.0258	13025.4063	0.0000	4.8498	0.0000	1.3656	0.1637	0.5623	0.0000	1.3828	0.0000	53.0781	0.3635	7.4476
2016/03/04	13:52:02.089	4.3879	11.2623	9.9678	0.1482	2.4896	0.1359	9.0367	92.2095	1396.8523	11.8611	0.0000	2.2387	0.6076	0.0000	1.0775	12324.6348	0.0000	4.7230	0.0000	1.2231	0.1098	0.6195	0.0000	1.3296	0.0000	54.5776	0.6036	7.4994
2016/03/04	13:52:11.548	10.5018	6.7980	11.7158	0.1579	3.3278	0.0000	11.8326	115.0004	1527.6284	15.1228	0.0000	2.8463	0.5826	0.0000	1.5966	13197.5810	0.0000	4.8610	0.0000	1.4284	0.0969	0.5310	0.0000	0.9563	0.0000	58.4994	0.4742	5.3037
2016/03/04	13:52:22.155	4.6754	11.0461	9.8006	0.2505	3.0600	0.0289	10.4807	95.3073	1365.9588	16.1531	0.0000	2.6314	0.6063	0.0038	1.4317	11886.3423	0.0000	4.7794	0.0000	1.1122	0.1077	0.7191	0.0000	1.0192	0.0000	57.8024	0.6666	6.9301
2016/03/04	13:52:32.127	4.1720	5.2216	11.0147	0.2705	3.5035	0.0462	11.8563	108.4922	1496.5699	17.1027	0.0000	2.9264	0.5320	0.0000	1.2056	12896.0918	0.0000	5.3924	0.0000	1.3494	0.1166	0.4097	0.0000	1.1399	0.0000	53.7794	0.3794	7.6156
2016/03/04	13:52:42.220	4.4307	11.7977	9.3417	0.1406	2.6772	0.0032	9.1404	85.1076	1315.2940	15.4779	0.0000	2.5119	0.4797	0.0618	1.2613	11497.8083	0.0000	4.5591	0.0000	1.1838	0.1284	0.6598	0.0000	0.8821	0.0000	55.3023	0.4944	6.7457
2016/03/04	13:52:51.891	10.9463	6.0858	11.2515	0.3575	3.8974	0.0044	12.8457	115.2902	1496.7923	12.8073	0.0000	3.4203	0.6497	0.0306	0.9201	12974.1418	0.0000	5.3877	0.0000	1.4535	0.0516	0.3351	0.0000	1.2070	0.0000	55.0910	0.5856	8.7150
2016/03/04	13:53:03.124	14.5666	6.0654	16.2927	0.5984	5.3962	0.0417	16.7951	145.9746	1734.8740	12.1951	0.0000	4.3695	0.7255	0.0947	1.4138	14565.3532	0.0000	6.2820	0.0000	1.7101	0.1205	0.2185	0.0000	1.4135	0.0000	7.0860	0.5085	6.2729
2016/03/04	13:53:07.805	13.7184	3.4749	14.9617	0.3763	4.6116	0.3093	15.9817	128.0082	1581.2385	15.9195	0.0000	3.8570	0.6124	0.1236	1.3620	13283.2553	0.0000	5.5828	0.0000	1.7132	0.0670	0.1413	0.0000	1.0336	0.0000	56.4504	0.5711	6.7672
2016/03/04	13:53:19.010	13.4579	3.9183	15.1332	0.0000	1.4749	0.0532	7.6127	130.5086	1817.0994	11.0695	0.0000	2.8080	0.6614	0.0000	1.6094	18906.3872	0.0000	2.9256	0.0000	2.3903	0.2107	0.0139	0.0000	1.1586	0.0000	56.8095	1.5674	6.0540
2016/03/04	13:53:33.755	13.3881	2.9681	10.3464	0.0023	1.1336	0.0018	6.9395	125.4082	1771.7226	16.5747	0.0000	1.2396	0.4445	0.0000	1.5432	17235.9143	0.0000	3.1786	0.0000	1.6535	0.2174	0.5370	0.0000	1.1245	0.0000	30.9967	1.0214	3.1931
2016/03/04	13:53:48.044	5.4965	3.9625	10.2518	0.0000	1.1815	0.0215	6.9488	121.3265	1738.4925	12.7787	0.0000	0.9415	0.4103	0.0000	1.0709	15119.5011	0.0000	3.3840	0.0000	1.4705	0.1346	0.7913	0.0000	1.3378	0.0000	54.6778	0.7531	2.2515
2016/03/04	13:53:57.406	4.2121	10.0915	9.9903	0.0000	1.0691	0.0051	6.8473	106.6520	1560.5071	18.0614	0.0043	0.5698	0.3357	0.0000	1.2941	12027.0886	0.0000	2.6400	0.0000	1.0996	0.1683	0.8572	0.0000	0.9919	0.0000	53.1637	0.3159	2.8012
2016/03/04	13:54:06.850	4.9843	9.6618	11.3362	0.0000	1.1490	0.0000	7.4718	113.9211	1624.7660	16.7266	0.0013	0.7185	0.3787	0.0027	1.4182	12052.1222	0.0000	2.9558	0.0000	1.2237	0.0738	0.8275	0.0000	1.0495	0.0000	54.5067	0.3626	3.1310
2016/03/04	13:54:20.406	0.8348	9.1343	11.1069	0.0260	1.1946	0.0251	7.4769	115.6508	1641.7637	17.5878	0.0000	0.9756	0.5193	0.0000	1.3994	13532.3338	0.0000	3.2298	0.0000	1.2383	0.2030	0.8184	0.0000	1.1250	0.0000	57.4344	0.3267	2.8867
2016/03/04	13:54:30.126	3.4908	8.8672	8.6617	0.0000	0.9295	0.0009	5.3846	84.4966	1452.8756	17.2601	0.0018	0.2683	0.3696	0.0000	1.2770	11160.2185	0.0000	2.4223	0.0000	1.0212	0.1149	0.8954	0.0000	1.1356	0.0000	56.2813	0.1201	4.3756
2016/03/04	13:54:44.860	1.2773	9.6279	12.0123	0.0165	1.1042	0.0070	7.2247	112.7556	1674.3818	15.9151	0.0000	0.5599	0.3531	0.0328	1.4829	12488.8699	0.0000	2.9259	0.0000	1.2367	0.1482	0.9228	0.0000	0.9016	0.0000	55.4280	0.0627	2.3047
2016/03/04	13:55:08.953	1.0371	6.9844	7.9917	0.0000	0.8144	0.0000	5.2579	75.3149	1310.7300	16.1308	0.0000	0.2581	0.3873	0.0000	1.3713	10438.3303	0.0000	2.6797	0.0000	0.9020	0.0885	0.8826	0.0000	0.8884	0.0000	54.9149	0.5080	4.0951
2016/03/04	13:55:23.800	0.6767	10.2511	9.2846	0.0000	0.8151	0.0018	6.3723	88.7491	1408.0891	16.8934	0.0000	0.3962	0.2342	0.0000	1.6847	9965.3349	0.0000	3.0876	0.0000	1.0754	0.1328	0.9540	0.0000	0.8868	0.0000	53.1739	0.2791	4.9267
2016/03/04	13:55:34.371	3.2135	8.9124	8.7716	0.0000	0.8694	0.0132	6.1783	83.8996	1374.5733	15.2921	0.0000	0.3820	0.2171	0.0599	1.2287	10017.6084	0.0000	2.7471	0.0000	0.9946	0.0874	0.8565	0.0000	0.8439	0.0000	55.8591	0.2344	4.8208
2016/03/04	13:55:44.065	2.6281	6.6551	9.3470	0.0000	0.9379	0.0048	6.3798	85.9605	1392.8486	15.0208	0.0000	0.5176	0.1712	0.0000	1.4521	9807.7358	0.0000	2.7225	0.0000	1.0839	0.0951	0.9427	0.0000	1.0083	0.0000	56.7501	0.5064	5.1366
2016/03/04	13:55:56.747	3.0675	8.8806	5.8207	0.0000	0.7632	0.0130	4.7154	56.1107	1165.7908	16.6932	0.0000	0.0581	0.3080	0.0000	1.6976	9416.2727	0.0000	2.5553	0.0000	0.9116	0.1460	1.0818	0.0000	1.2467	0.0000	51.7179	0.0000	3.3853
2016/03/04	13:56:06.924	2.8764	10.1609	5.1475	0.0000	0.6093	0.0236	4.2257	54.2878	1151.6831	19.0160	0.0000	0.1451	0.2354	0.0023	1.2190	8949.9657	0.0000	2.4929	0.0000	0.7637	0.1047	1.1495	0.4365	0.9698	0.0000	51.4417	0.0000	2.3074
2016/03/04	13:56:16.702	3.0863	9.4878	7.2195	0.0000	0.8215	0.0194	5.6091	75.2687	1314.5632	16.3454	0.0000	0.4332	0.2682	0.0000	1.5528	9715.9176	0.0000	2.3315	0.0000	0.8866	0.0606	1.0305	0.0000	0.6819	0.0000	56.0177	0.4375	3.8409
2016/03/04	13:56:26.064	2.9600	10.9089	8.5302	0.0000	0.8315	0.0260	6.0091	86.4963	1398.7519	15.3191	0.0000	0.2440	0.2434	0.0000	1.1543	10400.4817	0.0000	2.4796	0.0000	1.0421	0.1476	0.9305	0.0000	1.1568	0.0000	53.2975	0.2379	4.5878
2016/03/04	13:56:30.744	3.1809	10.1662	5.2781	0.0000	0.6828	0.0330	4.0901	49.1854	1101.4370	14.5614	0.0000	0.1315	0.2278	0.0000	1.1845	9188.1337	0.0000	2.2259	0.0000	0.7851	0.1120	1.0659	0.4865	1.1155	0.0000	54.2184	0.0000	3.0818
2016/03/04	13:56:44.902	9.0762	9.5972	10.6446	0.0000	1.0304	0.0025	7.2405	98.2720	1457.0742	17.9860	0.0000	0.5181	0.2004	0.0071	1.0035	10380.0856	0.0000	3.2310	0.0000	1.1743	0.0801	0.8137	0.0000	1.2898	0.0000	56.0128	0.0070	5.1303
2016/03/04	13:56:56.199	2.9178	10.6993	5.5784	0.0000	0.6734	0.0051	4.0005	47.6054	1109.3661	15.3869	0.0000	0.0000	0.2679	0.0000	1.3451	8991.7103	0.0000	1.7866	0.0000	0.7957	0.0596	1.1101	0.4691	1.0433	0.0000	53.3101	0.0000	2.6580
2016/03/04	13:57:05.560	2.9712	11.0684	5.7248	0.0000	0.6867	0.0000	4.3156	51.2267	1116.0232	18.0759	0.0000	0.0675	0.2901	0.0000	1.0317	8561.0893	0.0000	2.2360	0.0000	0.9133	0.0633	1.0524	0.4803	0.8113	0.0000	49.7995	0.0000	3.0793
2016/03/04	13:57:15.017	8.6491	9.9843	11.2259	0.0000	1.1050	0.0008	7.7993	109.4866	1578.8140	17.5696	0.0000	0.6420	0.1873	0.0000	1.6990	10919.2653	0.0000	3.3642	0.0000	1.1404	0.1231	0.8367	0.0000	1.0864	0.0000	53.6935	0.7219	5.1340
2016/03/04	13:57:24.560	3.7701	10.7758	4.8886	0.0000	0.5225	0.0000	3.5864	37.5732	1074.1803	18.3526	0.0000	0.0011	0.2960	0.0000	1.9189	8303.2406	0.0000	2.1229	0.0000	0.7334	0.0248	1.1454	0.4756	1.1929	0.0000	52.7810	0.0000	3.2808
2016/03/04	13:57:33.921	0.6921	2.9921	2.8321	0.0000	0.3962	0.0304	2.8651	25.0850	975.9747	13.7450	0.0000	0.0009	0.3217	0.0000	1.3286	7688.4017	0.0000	1.5835	0.0000	0.7708	0.0721	1.2487	0.4902	0.7073	0.0000	51.3900	0.0000	1.8306
2016/03/04	13:57:44.565	3.1181	9.0628	7.8409	0.0000	0.8942	0.0008	6.8756	92.2377	1406.2184	14.2953	0.0000	0.5070	0.2549	0.0384	1.1959	10088.0005	0.0000	3.4422	0.0000	1.0149	0.1372	0.8250	0.0000	0.7372	0.0000	57.5938	0.0306	4.6451
2016/03/04	13:57:53.986	0.6958	2.9139	3.0754	0.0000	0.4951	0.0139	2.9305	26.4225	942.2168	17.6558	0.0000	0.0055	0.2791	0.0000	1.3028	8432.2573	0.0000	1.6575	0.0000	0.6978	0.0673	1.1320	0.4788	0.8070	0.0000	47.2833	0.0000	2.0869
2016/03/04	13:58:04.963	3.1580	9.1269	6.6300	0.0000	0.8214	0.0104	5.6134	75.7211	1272.0951	16.6071	0.0000	0.3283	0.2149	0.0000	1.2134	9432.4127	0.0000	2.8555	0.0000	0.9938	0.0969	0.9436	0.0000	1.2296	0.0000	53.2305	0.4879	3.9714
2016/03/04	13:58:16.197	3.2262	8.6776	6.2865	0.0000	0.6106	0.0000	5.0021	56.3971	1180.6867	17.3784	0.0000	0.2939	0.2513	0.0000	1.7604	9103.1086	0.0000	2.9119	0.0000	1.0149	0.0789	0.9981	0.0000	1.1592	0.0000	52.5908	0.2594	3.8183
2016/03/04	13:58:25.558	3.9567	9.6375	9.4093	0.0000	0.9840	0.0000	6.6473	94.9943	1414.8541	16.2194	0.0000	0.6042	0.2450	0.0227	0.7133	10176.7843	0.0000	3.6747	0.0000	1.1840	0.0752	0.8500	0.0000	0.9527	0.0000	55.0578	0.2023	5.2149
2016/03/04	13:58:36.792	7.3831	11.7316	10.5815	0.0000	1.0924	0.0058	7.8143	115.2385	1587.0034	13.3294	0.0000	0.7263	0.2837	0.0000	1.9946	11182.3581	0.0000	3.5585	0.0000	1.3909	0.1333	0.8010	0.0000	0.9115	0.0000	53.6038	0.5039	5.2896
2016/03/04	13:58:46.240	3.8214	10.1929	7.8038	0.0000	0.6967	0.0088	5.4961	77.8278	1304.6092	16.3749	0.0000	0.4175	0.2725	0.0000	1.6754	9591.6113	0.0007	3.0585	0.0000	1.0640	0.0862	0.8950	0.0000	0.8682	0.0000	52.6416	0.4699	4.8381
2016/03/04	13:58:50.920	3.2472	7.9346	7.9892	0.0000	0.8660	0.0039	5.6525	79.7851	1319.6479	13.2803	0.0000	0.5894	0.3194	0.0000	2.0419	10585.4707	0.0000	2.7100	0.0000	1.1511	0.1156	0.9223	0.0000	0.9195	0.0000	54.9747	0.5535	4.4610
2016/03/04	13:59:01.731	9.0465	10.3443	7.7505	0.0000	0.7189	0.0000	5.7308	81.6616	1331.8990	13.9240	0.0000	0.5175	0.3322	0.0807	1.3846	9536.4668	0.0000	3.0284	0.0000	1.1309	0.0460	0.7822	0.0000	1.2234	0.0000	53.1800	0.3077	4.6252
2016/03/04	13:59:13.955	3.0727	10.5518	6.2442	0.0000	0.7613	0.0021	4.8813	69.0083	1237.8639	15.2369	0.0000	0.4144	0.3389	0.0000	1.3384	9270.8519	0.0000	2.4711	0.0000	1.0509	0.0637	0.8609	0.0000	1.0685	0.0000	51.9575	0.3067	4.1381
2016/03/04	13:59:24.210	3.1672	9.9422	8.1860	0.0000	0.8371	0.0117	6.1729	89.9067	1382.3606	14.9170	0.0000	0.5226	0.2930	0.0039	1.2491	10294.9654	0.0000	3.3297	0.0000	1.1125	0.1092	0.8661	0.0000	1.3568	0.0000	52.7550	0.1663	4.3986
2016/03/04	13:59:35.355	3.2503	6.5728	9.8417	0.0000	1.0230	0.0040	6.8379	91.0248	1374.9059	13.1099	0.0000	0.6273	0.2728	0.0683	1.6678	9516.7657	0.0000	3.2791	0.0000	1.1590	0.0425	0.7128	0.0000	1.0479	0.0000	51.4043	0.4930	6.0046
2016/03/04	13:59:46.652	3.3612	10.0136	8.1160	0.0000	0.9012	0.0007	6.3128	86.7786	1330.6311	14.5113	0.0000	0.5743	0.1508	0.0000	1.0343	9349.6441	0.0000	3.1075	0.0000	1.1485	0.0920	0.8337	0.0000	1.0754	0.0000	51.7431	0.5199	5.2687
2016/03/04	13:59:56.205	3.4389	10.4657	8.3652	0.0000	0.7867	0.0066	5.6693	77.8152	1296.7034	15.4489	0.0000	0.6038	0.2278	0.0000	1.4135	9538.4412	0.0000	2.9854	0.0000	1.0865	0.1356	0.8784	0.0000	0.8024	0.0000	51.6582	0.0524	4.5690
2016/03/04	14:00:00.886	3.3377	10.5282	10.4854	0.0000	0.9874	0.0008	7.4415	109.4649	1513.9293	14.3320	0.0000	0.8058	0.2609	0.0653	1.2558	10503.3740	0.0000	3.7441	0.0000	1.3627	0.0954	0.7749	0.0000	1.3448	0.0000	54.6810	0.9124	5.5150
2016/03/04	14:00:18.282	3.6912	10.1497	6.4748	0.0000	0.6692	0.0019	4.7395	68.2506	1207.3113	17.4193	0.0000	0.2286	0.3109	0.0000	1.6458	9266.2831	0.0000	2.4987	0.0000	0.9684	0.0781	0.9250	0.0000	0.9544	0.0000	51.9846	0.4541	3.8213
2016/03/04	14:00:28.766	3.9793	9.0332	9.0921	0.0000	0.9577	0.0119	6.5299	102.0849	1448.9794	18.1848	0.0000	0.6577	0.3010	0.0309	1.2284	10612.1628	0.0000	3.0988	0.0000	1.1810	0.0807	0.8935	0.0000	1.2811	0.0000	59.2323	0.2260	4.4610
2016/03/04	14:00:39.075	3.5372	9.1573	10.2478	0.0000	1.0047	0.0016	7.1675	106.0289	1477.7216	15.4815	0.0000	0.6075	0.2902	0.0000	1.2689	10286.1275	0.0000	3.9037	0.0000	1.2387	0.1003	0.7998	0.0000	1.2214	0.0000	49.1062	0.4195	4.9487
2016/03/04	14:00:48.854	3.7232	9.9830	7.1844	0.0000	0.7692	0.0244	5.3595	70.0557	1232.6126	17.8764	0.0000	0.2499	0.3074	0.0000	1.8338	9298.1994	0.0005	2.6869	0.0000	1.0120	0.0378	0.8911	0.0000	0.8450	0.0000	52.5388	0.0273	3.9659
2016/03/04	14:00:58.216	3.0958	9.7643	4.8600	0.0000	0.7017	0.0078	4.4842	56.0892	1132.3153	15.6960	0.0000	0.2355	0.2875	0.0160	1.4830	8659.4082	0.0000	2.5208	0.0000	0.8948	0.0413	1.0615	0.0000	1.8665	0.0000	51.0302	0.0000	3.3051
2016/03/04	14:01:09.275	4.7002	9.8446	7.3731	0.0000	0.7173	0.0010	5.2416	75.2628	1261.0141	17.6442	0.0000	0.3488	0.2643	0.0000	1.0629	9799.3082	0.0000	2.7459	0.0000	1.0123	0.1368	1.0597	0.0000	0.8896	0.0000	54.4962	0.6207	3.8511
2016/03/04	14:01:19.619	3.0582	9.1383	6.0197	0.0000	0.7277	0.0080	5.2668	69.7694	1225.1947	15.2495	0.0000	0.1924	0.2296	0.0000	1.2307	9224.5581	0.0000	3.0502	0.0000	0.9731	0.0435	0.9552	0.0000	0.8102	0.0000	54.5073	0.0000	4.0600
2016/03/04	14:01:29.146	3.9007	11.4805	7.5542	0.0000	0.9210	0.0102	6.2009	79.5532	1281.6083	19.4065	0.0000	0.3924	0.2161	0.0993	1.3286	9681.6961	0.0006	2.8436	0.0000	1.0285	0.1161	0.9077	0.0000	1.2861	0.0000	53.8113	0.1992	4.5586
2016/03/04	14:01:39.444	3.3459	9.8284	5.0300	0.0000	0.6734	0.0028	5.0647	56.8936	1165.5200	14.8192	0.0000	0.1068	0.2103	0.0000	1.1762	8691.3779	0.0000	2.8634	0.0000	0.8813	0.0624	0.9967	0.5018	1.3039	0.0000	55.2058	0.0000	3.2250
2016/03/04	14:01:49.857	3.5671	9.6966	10.3308	0.0000	1.1166	0.0021	7.8071	106.7915	1484.8494	16.9311	0.0000	0.6619	0.1497	0.0000	1.1800	10450.3621	0.0000	3.6146	0.0000	1.1852	0.1843	0.8639	0.0000	0.9294	0.0000	54.3563	0.1445	5.4145
2016/03/04	14:01:54.538	2.9318	9.0689	6.1262	0.0000	0.6775	0.0103	4.6108	55.9711	1130.9220	18.4072	0.0000	0.0622	0.2197	0.0018	1.2295	9050.9068	0.0000	2.7576	0.0000	0.8674	0.0850	1.0472	0.0000	0.9764	0.0000	52.8125	0.3614	3.1598
2016/03/04	14:02:06.417	0.6312	3.2920	3.3677	0.0000	0.4365	0.0000	3.4143	30.0733	951.1393	18.0382	0.0000	0.0748	0.2764	0.0000	1.7081	7733.9264	0.0000	2.0361	0.0000	0.9393	0.0529	1.1307	0.4119	0.9866	0.0000	50.1324	0.0044	2.3637
2016/03/04	14:02:16.278	3.4458	9.7432	8.8933	0.0000	0.8823	0.0079	6.7071	91.6926	1365.9427	19.7596	0.0000	0.4296	0.2664	0.0972	1.7000	9849.3959	0.0000	3.2517	0.0000	1.0419	0.1245	0.8821	0.0000	1.1453	0.0000	55.3632	0.4239	4.5933
2016/03/04	14:02:28.840	3.1888	9.6773	6.0619	0.0000	0.6627	0.0000	4.7110	55.9336	1124.4749	15.2368	0.0000	0.2685	0.1445	0.0000	0.9730	8510.5754	0.0000	2.6797	0.0000	0.8950	0.0100	0.9741	0.0000	1.0122	0.0000	53.2288	0.3001	3.6743
2016/03/04	14:02:38.990	3.0983	8.8812	3.8269	0.0000	0.4164	0.0000	3.7583	41.8529	1011.7396	15.4645	0.0000	0.0434	0.2435	0.0000	1.0810	8572.4266	0.0000	2.7001	0.0000	0.7777	0.0322	1.0332	0.5575	0.9776	0.0000	54.1086	0.0000	2.8813
2016/03/04	14:02:53.423	2.8045	11.8853	5.2171	0.0000	0.6831	0.0011	4.6356	57.3005	1118.1838	15.8385	0.0000	0.2478	0.1815	0.0000	1.2141	8674.0711	0.0000	2.3431	0.0000	0.8215	0.0810	1.0585	0.4610	1.5475	0.0000	49.3903	0.0000	3.1720
2016/03/04	14:03:03.676	3.2439	10.8995	9.0067	0.0000	0.8833	0.0013	6.3668	83.6771	1315.1281	16.2431	0.0000	0.3911	0.2088	0.0000	1.5405	9397.7936	0.0000	3.1170	0.0000	1.0636	0.1282	0.8901	0.0000	1.0267	0.0000	57.1575	0.4826	5.1549
2016/03/04	14:03:13.843	3.9777	11.0853	9.3885	0.0000	0.9624	0.0006	6.6993	93.9353	1388.2061	14.8374	0.0000	0.4471	0.2352	0.0000	1.5366	9766.5523	0.0005	3.2457	0.0130	1.0385	0.0572	0.8986	0.0000	0.8871	0.0000	52.7887	0.4403	4.8661
2016/03/04	14:03:23.658	3.5797	10.8220	4.8630	0.0000	0.5573	0.0174	4.3712	50.5825	1081.6154	17.3027	0.0000	0.1683	0.2236	0.0000	1.5338	8541.9174	0.0006	2.2964	0.0000	0.8405	0.0718	1.0482	0.4756	0.6365	0.0000	52.0029	0.0000	3.2451
2016/03/04	14:03:34.676	0.8177	9.4981	3.8017	0.0000	0.6159	0.0000	3.6515	36.9939	1011.6142	16.0484	0.0000	0.0368	0.1916	0.0000	1.5806	8280.3485	0.0000	2.1978	0.0000	0.7808	0.0931	1.0170	0.5536	1.0663	0.0000	51.8853	0.0011	2.6070
2016/03/04	14:03:44.974	3.0398	3.7084	3.6248	0.0000	0.4491	0.0000	3.2468	30.5319	956.4758	17.2358	0.0006	0.0034	0.2579	0.0000	1.6376	8026.8090	0.0000	1.9391	0.0000	0.7104	0.0174	1.1277	0.4635	1.0991	0.0000	49.9670	0.2320	2.4781
2016/03/04	14:03:49.891	3.4562	9.1200	6.3220	0.0000	0.7843	0.0007	5.3482	73.9736	1261.2824	20.8074	0.0000	0.4258	0.3642	0.0000	1.1979	9611.2039	0.0000	3.0338	0.0000	1.0597	0.0811	0.7877	0.0000	0.8643	0.0000	50.8513	0.5865	4.4942
2016/03/04	14:04:01.125	3.2605	9.6183	6.6615	0.0000	0.8320	0.0126	5.1529	70.3656	1248.3341	15.3896	0.0000	0.3845	0.2327	0.0000	1.6542	8937.4252	0.0000	2.4293	0.0000	0.9783	0.0601	1.0121	0.0000	1.0636	0.0000	53.8344	0.5660	3.0656
2016/03/04	14:04:20.126	2.9227	10.0915	6.5528	0.0000	0.7588	0.0343	5.6725	63.1491	1160.8150	14.7912	0.0000	0.3256	0.3482	0.0000	1.5018	8735.9765	0.0000	3.1343	0.0000	1.0506	0.0740	0.9205	0.0000	1.0794	0.0000	52.3834	0.4729	4.3687
2016/03/04	14:04:29.571	2.7402	10.1537	7.0850	0.0000	0.6436	0.0000	5.1215	60.5722	1176.3469	19.7014	0.0000	0.1952	0.2717	0.0000	1.3755	8805.7008	0.0000	2.5511	0.0000	0.9150	0.1274	0.9813	0.0000	0.8366	0.0000	51.0740	0.4718	4.1107
2016/03/04	14:04:39.358	3.1941	11.0607	6.6420	0.0000	0.6742	0.0000	5.0726	64.5965	1178.5445	17.7737	0.0000	0.3223	0.3107	0.0000	1.4877	8901.5039	0.0000	2.3497	0.0000	0.9195	0.0552	1.0421	0.0000	1.1556	0.0000	53.8771	0.4748	4.1583
2016/03/04	14:04:54.551	2.9780	4.5032	4.0421	0.0000	0.5357	0.0267	3.3859	30.8464	959.0014	17.3122	0.0000	0.0457	0.1867	0.0000	1.9313	7581.2355	0.0000	1.8367	0.0000	0.6787	0.0094	1.1017	0.4238	1.0765	0.0000	52.5451	0.0091	2.5132
2016/03/04	14:05:04.254	10.4805	6.7719	11.4176	0.0000	1.0387	0.0219	7.6559	106.4348	1456.4282	16.4711	0.0000	0.6643	0.2104	0.0674	1.7933	10185.6118	0.0000	3.9029	0.0000	1.1558	0.0648	0.8242	0.0000	0.8986	0.0000	56.1362	0.3333	5.7933
2016/03/04	14:05:08.934	8.9021	10.6561	11.2468	0.0000	0.8178	0.0135	7.2854	96.3260	1388.7408	13.3556	0.0000	0.5029	0.2107	0.0284	1.4840	9519.3498	0.0000	3.6191	0.0000	1.0347	0.1016	0.8369	0.0000	1.0275	0.0000	54.6163	0.3605	5.4080
2016/03/04	14:05:19.343	3.0947	9.7305	9.2320	0.0000	0.8626	0.0015	6.2236	83.8064	1301.0925	16.4309	0.0000	0.3709	0.3191	0.0018	1.5086	9285.2235	0.0000	3.0391	0.1010	0.9907	0.1005	0.8951	0.0000	0.8841	0.0000	50.5364	0.6127	4.9068
2016/03/04	14:05:29.943	6.7449	6.7732	12.9086	0.0000	1.0996	0.0093	8.1731	119.7331	1593.7266	20.1954	0.0000	0.6562	0.2420	0.0518	1.6841	10193.3802	0.0000	3.6811	0.0000	1.2285	0.0742	0.8675	0.0000	0.9004	0.0000	53.7272	0.1021	2.2864
2016/03/04	14:05:39.305	3.4332	10.5033	9.9857	0.0000	0.8755	0.0134	6.3686	90.2852	1364.4536	15.6362	0.0000	0.2940	0.2350	0.0178	1.2158	9096.9792	0.0000	2.9354	0.0000	0.9763	0.0571	1.0153	0.0000	0.9595	0.0000	53.0475	0.5082	5.5182
2016/03/04	14:05:48.793	2.9211	10.4312	9.9279	0.0000	0.7369	0.0019	6.2201	84.3305	1324.9702	20.0172	0.0000	0.3058	0.1835	0.0000	0.8208	9123.2735	0.0000	3.0693	0.0130	0.9044	0.0834	0.9790	0.0000	1.1160	0.0000	55.0278	0.4334	4.9709
2016/03/04	14:06:02.836	3.1167	9.5540	7.4501	0.0000	0.6801	0.0034	5.2869	72.4211	1246.6808	20.2504	0.0000	0.1463	0.2440	0.0000	1.3415	9134.3245	0.0000	2.4481	0.0000	0.9292	0.0894	1.0712	0.0000	0.8394	0.0000	52.6415	0.4064	3.6983
2016/03/04	14:06:12.197	2.9636	10.5605	7.4008	0.0000	0.6174	0.0000	4.6879	60.0062	1162.5409	17.3219	0.0000	0.0715	0.1660	0.0000	1.3828	8985.8936	0.0000	2.6017	0.0000	0.8534	0.0281	1.0035	0.0000	1.5621	0.0000	54.9334	0.2846	3.7993
2016/03/04	14:06:22.246	3.1649	11.2145	5.8491	0.0000	0.6444	0.0015	4.9927	59.1358	1151.0534	17.3672	0.0000	0.2581	0.3270	0.0000	1.5505	8536.6891	0.0000	2.8140	0.0000	0.8295	0.0862	1.0650	0.0000	1.2561	0.0000	53.2445	0.0000	3.6033
2016/03/04	14:06:31.608	3.2111	10.3739	7.6837	0.0000	0.6707	0.0000	5.1073	66.5172	1219.7234	18.0975	0.0000	0.2008	0.2255	0.0000	1.3403	8957.7604	0.0000	2.8935	0.0000	0.8077	0.0353	1.0964	0.0000	1.0162	0.0000	53.5377	0.1230	4.1078
2016/03/04	14:06:40.970	9.4030	8.8472	11.5722	0.0000	0.9636	0.0068	7.4788	110.7901	1533.6857	11.6919	0.0000	0.3834	0.2263	0.0419	1.0445	10297.6064	0.0000	3.4768	0.0766	1.1537	0.1096	0.8656	0.0000	1.0136	0.0000	56.0257	0.3527	4.7279
2016/03/04	14:06:50.464	0.5248	10.7643	4.8127	0.0000	0.4754	0.0141	3.6007	34.6134	1010.4733	15.4853	0.0000	0.0000	0.1534	0.0000	1.7428	7766.2188	0.0000	2.1249	0.0000	0.6791	0.0390	1.0514	0.5156	1.3168	0.0000	50.6567	0.0000	2.0853
2016/03/04	14:06:59.826	0.7792	11.0363	10.4882	0.0000	0.7956	0.0007	6.3579	83.8585	1343.1672	15.7302	0.0000	0.4216	0.2701	0.0533	1.4215	9310.9643	0.0000	2.6841	0.0000	0.9509	0.1323	0.9447	0.0000	1.0583	0.0000	52.0411	0.1741	5.1538
2016/03/04	14:07:09.268	3.2487	10.0737	7.6653	0.0000	0.7234	0.0116	5.3571	69.1658	1216.0979	17.1148	0.0000	0.1304	0.2462	0.0000	1.4391	8869.7792	0.0000	2.8116	0.0000	0.8120	0.0315	0.9892	0.0000	0.8388	0.0000	54.7158	0.0000	4.4401
2016/03/04	14:07:18.629	3.3366	9.6695	6.3109	0.0000	0.5453	0.0128	4.3344	48.3384	1089.1321	15.3223	0.0000	0.0638	0.3125	0.0000	1.4799	8270.5313	0.0000	2.0625	0.0000	0.7288	0.0564	1.0499	0.4660	0.7598	0.0000	54.3577	0.0000	3.2981
2016/03/04	14:07:27.991	3.5064	9.4458	6.7849	0.0000	0.6557	0.0067	4.6873	60.4091	1164.7248	14.5271	0.0000	0.0000	0.1628	0.0000	1.5258	8721.3734	0.0000	2.1663	0.0081	0.7915	0.0870	0.9989	0.0000	0.7998	0.0000	50.0552	0.1397	3.6961
2016/03/04	14:07:37.353	4.2929	9.6559	8.4039	0.0000	0.6874	0.0019	5.0189	62.4510	1184.8892	18.9318	0.0000	0.0009	0.2730	0.0000	1.3416	8665.8156	0.0000	2.4777	0.0000	0.8305	0.0693	0.9449	0.0000	0.7581	0.0000	51.0418	0.0860	4.3338
2016/03/04	14:07:46.715	3.4584	10.0163	9.9135	0.0000	0.8408	0.0120	6.1028	80.2480	1309.2544	14.4559	0.0000	0.3074	0.2899	0.0000	1.8163	9112.4715	0.0000	2.9083	0.0000	0.9283	0.1367	1.0058	0.0000	0.8053	0.0000	52.7700	0.3978	4.8703
2016/03/04	14:07:56.323	3.3919	11.1880	10.3585	0.0000	0.7651	0.0035	6.3592	86.4369	1361.7297	16.1988	0.0000	0.2660	0.1507	0.0464	1.6285	9315.7725	0.0000	2.8129	0.0000	0.9590	0.0508	1.0349	0.0000	1.2637	0.0000	54.0893	0.0000	4.5522
2016/03/04	14:08:05.745	3.2888	11.2691	8.9705	0.0000	0.7513	0.0014	6.2397	79.5063	1308.6992	15.5664	0.0000	0.2000	0.2615	0.0450	0.7649	9048.3008	0.0000	2.8022	0.0000	0.9439	0.1476	1.0251	0.0000	1.1993	0.0000	52.0470	0.2596	4.1823
2016/03/04	14:08:15.263	3.0878	11.6519	5.1407	0.0000	0.4356	0.0269	4.0969	45.7460	1058.1403	15.9731	0.0000	0.0051	0.3859	0.0000	1.6017	8600.6394	0.0000	2.0991	0.0000	0.8062	0.0996	1.1328	0.4366	1.0343	0.0000	51.8900	0.0000	2.7584
2016/03/04	14:08:24.624	2.9868	3.5479	4.2255	0.0000	0.4216	0.0216	3.2774	27.8221	959.8313	16.2977	0.0000	0.0000	0.2181	0.0000	1.1686	7708.9101	0.0000	1.9455	0.0000	0.7177	0.0837	1.1435	0.4890	0.8173	0.0000	51.2781	0.0000	2.0310
2016/03/04	14:08:38.667	5.1015	10.5724	9.5887	0.0000	0.9404	0.0118	7.3022	102.2613	1451.0504	15.2974	0.0000	0.4028	0.2508	0.0000	1.5266	10538.6381	0.0000	3.0594	0.0000	1.1548	0.1529	1.0026	0.0000	0.8795	0.0000	57.6601	0.2777	4.4007
2016/03/04	14:08:48.183	2.9741	10.5234	5.8236	0.0000	0.5515	0.0027	4.2877	52.2066	1107.4126	16.8371	0.0000	0.2008	0.2960	0.0000	1.8440	8909.0288	0.0000	2.4052	0.0000	0.9201	0.0955	1.0485	0.5512	1.2653	0.0000	54.4205	0.0000	3.2896
2016/03/04	14:08:58.481	3.1043	11.4308	6.8357	0.0000	0.5599	0.0191	4.8301	63.8347	1209.7727	15.9200	0.0000	0.0006	0.2653	0.0000	1.6839	8750.9313	0.0000	2.3839	0.0254	0.8305	0.1160	1.0773	0.0000	1.1912	0.0000	53.3664	0.2027	3.5433
2016/03/04	14:09:07.843	3.1576	9.9687	6.8576	0.0000	0.7177	0.0008	4.8394	63.1406	1198.9773	17.6344	0.0000	0.1089	0.1949	0.0000	0.7092	8902.0599	0.0006	2.7543	0.0287	0.8271	0.0659	1.0126	0.0000	0.8743	0.0000	46.5496	0.1837	3.9461
2016/03/04	14:09:17.404	4.2987	8.9575	7.5253	0.0000	0.8012	0.0063	5.3459	73.4597	1263.5195	17.0004	0.0000	0.1296	0.2453	0.0000	1.5336	9268.1760	0.0000	2.4791	0.0000	0.8405	0.0950	0.9383	0.0000	0.9792	0.0000	52.9188	0.0000	3.4452
2016/03/04	14:09:26.765	4.0910	3.0074	2.5315	0.0000	0.3834	0.0088	2.7605	23.4340	910.6010	15.8750	0.0000	0.0000	0.1546	0.0000	1.6845	8154.7861	0.0000	1.6078	0.0000	0.6247	0.0629	1.0672	0.4827	1.5402	0.0000	54.8477	0.0000	2.4273
2016/03/04	14:09:36.327	2.9077	10.4137	5.9268	0.0000	0.6021	0.0022	4.4776	57.0503	1129.4028	17.0077	0.0000	0.0000	0.2507	0.0000	1.7335	8745.3476	0.0000	2.3094	0.0000	0.7993	0.0666	1.1223	0.0000	0.9646	0.0000	54.3290	0.0000	3.2413
2016/03/04	14:09:46.129	3.4248	3.4471	3.3418	0.0000	0.4567	0.0000	2.9963	29.2999	948.8858	17.0344	0.0000	0.0251	0.1885	0.0000	1.4375	7853.7797	0.0000	1.6104	0.0000	0.9651	0.0584	1.1230	0.4541	0.9739	0.0000	50.8594	0.1311	2.0502
2016/03/04	14:09:55.491	2.8906	10.8196	4.2239	0.0000	0.5852	0.0000	4.1426	48.2929	1055.6696	19.1088	0.0000	0.0016	0.2338	0.0000	1.2674	8518.2709	0.0000	2.0166	0.0387	0.8826	0.0660	1.1506	0.4861	0.9200	0.0000	54.0834	0.1310	2.1425
2016/03/04	14:10:04.853	3.9497	9.6568	4.5570	0.0000	0.4729	0.0000	3.6829	43.7996	1036.8139	16.5265	0.0007	0.0000	0.2746	0.0000	1.1485	8611.2020	0.0000	2.0347	0.0000	0.7516	0.0841	1.1422	0.4341	0.8200	0.0000	50.7064	0.0000	2.0589
2016/03/04	14:10:14.214	0.9337	9.9017	3.9562	0.0000	0.5303	0.0000	3.7102	42.3843	1014.7661	15.7932	0.0000	0.0000	0.2751	0.0000	1.7204	8854.8018	0.0000	2.1705	0.0000	0.7395	0.0287	1.0795	0.5158	0.9352	0.0000	51.2719	0.0151	2.2462
2016/03/04	14:10:23.957	0.7371	3.7797	3.6984	0.0000	0.5059	0.0031	3.5085	36.0618	987.7613	16.8966	0.0000	0.0031	0.2515	0.0000	1.0475	7889.6947	0.0000	1.8774	0.0000	0.6475	0.1063	1.1555	0.4187	0.7177	0.0000	49.3183	0.0000	2.4865
2016/03/04	14:10:33.319	4.0859	3.8829	2.7757	0.0000	0.4331	0.0164	3.1572	29.3856	935.4756	16.6250	0.0000	0.0000	0.2343	0.0000	2.0285	8256.7145	0.0000	1.9977	0.0000	0.8737	0.0274	1.2126	0.4891	1.2497	0.0000	51.7202	0.0822	1.9302
2016/03/04	14:10:42.681	3.3682	3.2470	3.9429	0.0000	0.5191	0.0197	3.5564	37.5747	1002.5865	14.9961	0.0000	0.0021	0.2330	0.0000	1.1878	7925.6942	0.0000	1.9580	0.0000	0.6212	0.0795	1.1793	0.4896	1.2740	0.0000	51.8237	0.1026	2.2059
2016/03/04	14:10:56.850	2.9152	2.0733	3.7775	0.0000	0.4209	0.0015	3.6822	39.3351	1013.9390	15.1448	0.0000	0.0037	0.2116	0.0000	1.4508	8239.4647	0.0000	2.2143	0.0000	0.7302	0.1021	1.2026	0.4707	0.8753	0.0000	53.1758	0.1161	2.2185
2016/03/04	14:11:06.212	3.7427	2.6796	2.8766	0.0000	0.3597	0.0199	3.0936	29.1789	925.1938	15.1275	0.0000	0.0009	0.2222	0.0000	0.9997	8068.6629	0.0000	1.6687	0.0000	0.6702	0.0715	1.1380	0.4485	0.9211	0.0000	48.6925	0.0000	2.1755
2016/03/04	14:11:15.574	0.6464	11.8798	5.1722	0.0000	0.6203	0.0040	4.5066	57.5157	1118.8504	18.7722	0.0000	0.0028	0.1817	0.0000	1.1783	8745.1280	0.0000	2.6164	0.0000	0.7725	0.1195	1.1156	0.0000	0.8403	0.0000	53.6961	0.0000	2.7062
2016/03/04	14:11:24.935	0.9547	9.9681	5.1234	0.0000	0.5287	0.0535	4.1220	48.8934	1077.0105	16.7184	0.0000	0.0013	0.2140	0.0000	1.3004	8610.9212	0.0000	2.2289	0.0000	0.8006	0.0742	1.1475	0.4553	0.9787	0.0000	53.3623	0.0000	2.7433
2016/03/04	14:11:35.283	3.0239	10.1487	5.0192	0.0000	0.6859	0.0159	4.6129	58.2770	1133.6498	19.1418	0.0005	0.0000	0.2323	0.0000	1.2499	9179.3334	0.0000	2.4397	0.0000	0.8384	0.1286	1.0179	0.0000	1.3378	0.0000	51.0967	0.0000	3.0222
2016/03/04	14:11:44.867	4.1145	3.5358	3.2064	0.0000	0.3889	0.0128	3.4815	39.2028	999.6649	14.6764	0.0000	0.0135	0.2333	0.0000	1.1735	8567.8615	0.0000	1.7915	0.0000	0.8170	0.0081	1.1671	0.4725	1.2976	0.0000	46.3955	0.2594	2.1783
2016/03/04	14:11:54.228	2.8755	8.2467	5.2497	0.0000	0.6179	0.0102	4.7671	60.6510	1128.7490	12.3643	0.0000	0.1193	0.2064	0.0000	1.2195	8835.4826	0.0000	2.0035	0.0000	0.8848	0.0606	1.0456	0.0000	0.9634	0.0000	55.4846	0.0000	2.4775
2016/03/04	14:12:03.590	2.6295	3.2074	2.0704	0.0000	0.3504	0.0006	2.5355	17.9083	856.8321	12.4326	0.0000	0.0019	0.2036	0.0008	1.7550	7627.4515	0.0000	1.7468	0.0000	0.7656	0.0577	1.1695	0.4916	0.9679	0.0000	49.4858	0.0000	1.7179
2016/03/04	14:12:12.952	2.9882	3.1497	4.3276	0.0000	0.5465	0.0304	3.8465	45.6253	1057.1452	19.2279	0.0000	0.0011	0.2236	0.0000	1.6294	8309.6056	0.0000	2.4188	0.0000	0.7672	0.0802	1.1773	0.4676	0.9651	0.0000	51.3734	0.0000	1.7230
2016/03/04	14:12:22.313	3.0544	3.3461	3.8998	0.0000	0.4308	0.0000	3.7655	43.3753	1031.3376	16.3036	0.0000	0.0000	0.2992	0.0000	1.8925	8734.4838	0.0000	2.2316	0.0000	0.7523	0.1608	1.1039	0.4499	0.8040	0.0000	54.5319	0.0010	1.8256
2016/03/04	14:12:31.751	3.5358	2.8114	2.2189	0.0000	0.3669	0.0045	2.4917	17.4073	878.1546	16.7962	0.0000	0.0000	0.2463	0.0000	1.1975	7502.4617	0.0000	1.3278	0.0000	0.5846	0.0820	1.2086	0.4547	0.8996	0.0000	52.2756	0.1015	1.7762
2016/03/04	14:12:41.113	3.5349	2.1008	2.3251	0.0000	0.3920	0.0045	2.8880	25.1420	912.4962	16.7338	0.0000	0.0000	0.2155	0.0000	0.8987	7839.0464	0.0000	1.5371	0.0000	0.6438	0.0415	1.1355	0.4618	1.1981	0.0000	47.4306	0.0000	1.9690
2016/03/04	14:12:50.550	0.8472	10.8567	4.5074	0.0000	0.5486	0.0000	3.9058	47.8007	1069.4276	19.7038	0.0000	0.0024	0.1570	0.0006	1.7908	8401.4458	0.0000	2.0559	0.1202	0.7971	0.0601	1.0776	0.4987	0.9680	0.0000	53.4315	0.0000	2.5108
2016/03/04	14:12:55.308	2.6125	2.9049	3.7497	0.0000	0.3550	0.0000	3.4617	37.3289	993.5701	19.2534	0.0000	0.0031	0.1817	0.0000	0.7082	8305.8208	0.0000	1.8132	0.0000	0.7424	0.0779	1.1251	0.5598	1.0503	0.0000	52.6831	0.0000	2.2960
2016/03/04	14:13:04.669	3.6496	8.1460	4.7114	0.0000	0.5047	0.0059	3.7352	45.9090	1051.8949	15.8845	0.0000	0.0005	0.2268	0.0000	1.2820	8395.1310	0.0000	2.3636	0.0000	0.7367	0.0492	1.1018	0.5219	1.0930	0.0000	47.4028	0.0000	3.2148
2016/03/04	14:13:18.779	3.0382	11.4669	5.0530	0.0000	0.6066	0.0000	3.9437	51.1285	1105.6159	16.4881	0.0000	0.0932	0.2405	0.0000	1.7017	8835.4071	0.0000	2.1309	0.0285	0.7888	0.0702	1.1278	0.4823	1.0097	0.0000	45.6188	0.0000	2.3301
2016/03/04	14:13:28.264	3.7608	3.9715	2.9798	0.0000	0.2942	0.0138	2.4862	18.1504	894.8038	20.0567	0.0000	0.0026	0.0993	0.0000	1.5588	7607.2123	0.0000	1.8175	0.0000	0.6130	0.0342	1.1683	0.5092	0.9846	0.0000	44.6951	0.0000	2.0473
2016/03/04	14:13:37.749	2.9467	9.6987	6.0633	0.0000	0.6774	0.0104	4.6082	65.5197	1206.1131	20.9534	0.0000	0.0396	0.2728	0.0000	1.7061	8989.3538	0.0000	2.4320	0.0000	0.8492	0.0711	1.1414	0.0000	0.8270	0.0000	54.2976	0.0346	3.1313
2016/03/04	14:13:47.111	2.8017	8.8484	5.0825	0.0000	0.6179	0.0260	3.7777	48.9631	1089.3035	15.4169	0.0005	0.0747	0.1479	0.0000	1.3325	8689.8865	0.0000	1.9906	0.0000	0.7897	0.1070	1.1388	0.4983	1.0738	0.0000	53.0035	0.0000	3.0934
2016/03/04	14:13:56.472	2.9194	2.8280	3.5067	0.0000	0.4182	0.0000	3.0170	30.6897	963.8607	16.3157	0.0000	0.0062	0.1754	0.0000	1.3947	7947.1458	0.0000	2.2623	0.0000	0.6739	0.0522	1.1985	0.5273	1.1919	0.0000	52.5711	0.0000	2.5882
2016/03/04	14:14:05.834	3.3230	4.4360	1.1258	0.0000	0.3141	0.0122	2.0965	7.4816	810.8343	17.2359	0.0000	0.0000	0.2573	0.0000	1.7376	7199.2085	0.0000	1.5310	0.0011	0.4415	0.0561	1.2169	0.4628	1.3401	0.0000	54.7978	0.0000	0.8593
2016/03/04	14:14:15.932	2.8396	2.2710	2.3739	0.0000	0.3658	0.0145	3.0141	29.8069	946.2936	15.5342	0.0000	0.0000	0.2030	0.0000	1.2936	7884.7048	0.0000	1.5294	0.0000	0.9092	0.0569	1.1629	0.5028	1.2199	0.0000	52.1045	0.0710	1.6744
2016/03/04	14:14:28.454	2.8042	3.2428	4.1771	0.0000	0.5417	0.0218	3.5384	44.5292	1067.2560	19.3076	0.0000	0.0398	0.1272	0.0000	1.9227	8529.8050	0.0000	2.1608	0.0000	0.6913	0.1065	1.1147	0.4800	1.2434	0.0000	52.8675	0.2324	1.6601
2016/03/04	14:14:38.021	1.1889	10.0358	4.1386	0.0000	0.3621	0.0083	3.6510	48.0029	1069.3239	13.5756	0.0000	0.0501	0.2154	0.0000	2.0413	8760.0869	0.0000	2.0369	0.0000	0.7293	0.0894	1.1076	0.4734	1.2647	0.0000	59.3382	0.0000	2.7793
2016/03/04	14:14:42.702	2.8795	10.5614	5.8567	0.0000	0.5316	0.0000	4.1918	57.9485	1142.2433	16.4868	0.0000	0.1975	0.2183	0.0000	0.9592	8624.8965	0.0000	2.5978	0.0000	0.8613	0.0597	1.0758	0.0000	1.1662	0.0000	48.5788	0.8413	2.7450
2016/03/04	14:14:52.372	3.4491	2.8979	3.8690	0.0000	0.4728	0.0000	3.2226	38.5182	1025.6333	17.7647	0.0000	0.0307	0.1990	0.0000	1.2868	8092.4454	0.0000	2.1963	0.0000	0.7544	0.0672	1.1954	0.4162	0.8912	0.0000	46.8142	0.0000	2.2056
2016/03/04	14:15:03.031	2.6513	3.3467	2.5331	0.0000	0.3955	0.0275	2.8218	28.6659	944.7666	18.1956	0.0000	0.0089	0.1748	0.0000	1.4943	8021.7290	0.0000	2.1142	0.0000	0.8713	0.0672	1.1772	0.4964	0.9789	0.0000	53.7127	0.0769	1.8284
2016/03/04	14:15:12.393	2.8220	3.2956	3.1929	0.0000	0.3907	0.0048	3.0168	33.7080	976.6586	16.9962	0.0000	0.0008	0.2796	0.0000	1.0898	8085.7381	0.0000	1.8800	0.0000	0.7031	0.0593	1.1415	0.4909	0.9071	0.0000	54.6248	0.1363	2.1184
2016/03/04	14:15:26.653	2.9996	9.4775	4.6511	0.0000	0.4330	0.0099	3.7999	52.0831	1116.6242	15.5210	0.0000	0.0148	0.2371	0.0000	1.9344	9078.7715	0.0000	1.8285	0.0000	0.8923	0.0860	1.0811	0.4951	1.1886	0.0000	55.6843	0.0000	2.5855
2016/03/04	14:15:36.015	2.9428	11.5800	5.3737	0.0000	0.5230	0.0322	4.0472	61.1006	1196.3768	17.6628	0.0006	0.0182	0.2548	0.0000	1.6324	8908.5776	0.0000	2.3171	0.0262	0.8219	0.1321	1.1627	0.0000	1.8746	0.0000	53.7354	0.0000	2.6371
2016/03/04	14:15:45.377	3.3084	9.9100	3.8587	0.0000	0.3844	0.0221	3.4274	46.7409	1061.5898	14.8975	0.0000	0.0018	0.2968	0.0000	1.4378	9049.1394	0.0000	2.1930	0.0000	0.7323	0.0936	1.0699	0.4203	1.1254	0.0000	55.9687	0.0000	2.6863
2016/03/04	14:15:55.884	3.0438	10.2761	5.1352	0.0000	0.5686	0.0059	3.8175	53.5874	1119.6107	18.0715	0.0000	0.0005	0.2978	0.0000	1.3038	8944.5761	0.0000	2.2494	0.0259	0.8082	0.0537	1.1194	0.4112	1.2537	0.0000	54.8368	0.0000	2.8736
2016/03/04	14:16:05.658	3.4565	9.0199	5.5658	0.0000	0.5305	0.0200	4.1683	62.7401	1166.6339	16.5874	0.0000	0.0010	0.2773	0.0006	1.1751	9338.1929	0.0000	2.2750	0.0000	0.9400	0.0427	0.9761	0.0000	1.0566	0.0000	50.4265	0.0000	3.6183
2016/03/04	14:16:15.169	3.0077	4.2009	3.8867	0.0000	0.5518	0.0000	3.3571	43.7391	1059.8483	17.4800	0.0009	0.0036	0.1812	0.0000	1.1984	8354.6670	0.0000	1.7974	0.0000	0.7516	0.0333	1.2130	0.4506	0.8782	0.0000	50.1911	0.0000	2.2527
2016/03/04	14:16:24.842	0.6317	3.0239	2.6172	0.0000	0.3366	0.0128	2.5567	23.6944	932.3095	18.5177	0.0006	0.0040	0.2124	0.0000	1.4372	7555.4310	0.0000	1.6784	0.0000	0.6305	0.0574	1.1126	0.4382	1.3609	0.0000	45.9573	0.0000	1.8102
2016/03/04	14:16:34.732	3.4188	2.3901	3.4645	0.0000	0.3832	0.0011	3.2006	38.5639	999.4271	17.5884	0.0000	0.0000	0.2515	0.0000	1.3274	8231.6060	0.0000	1.9859	0.0000	0.7070	0.0938	1.1624	0.4834	1.5496	0.0000	49.6228	0.0000	1.9491
2016/03/04	14:16:44.498	3.7399	9.9696	5.0794	0.0000	0.4390	0.0025	3.8238	55.6018	1144.7998	18.2466	0.0000	0.0087	0.1729	0.0000	1.6474	8616.0166	0.0000	2.1738	0.0000	0.8459	0.0837	1.0240	0.0000	0.8815	0.0000	55.9499	0.0000	3.0234
2016/03/04	14:16:54.263	0.8415	2.8887	3.2397	0.0000	0.3913	0.0000	2.8122	29.8041	968.0246	16.9623	0.0000	0.0000	0.2185	0.0000	1.7872	7865.8173	0.0000	1.7142	0.0000	0.9783	0.0405	1.1497	0.5086	1.3479	0.0000	47.5303	0.0000	2.0796
2016/03/04	14:17:04.030	2.8946	2.1433	4.1614	0.0000	0.4091	0.0000	3.1800	44.2132	1063.8162	17.5308	0.0000	0.0059	0.1685	0.0000	1.6869	8109.7166	0.0000	2.1846	0.0000	0.6725	0.1312	1.2229	0.4130	1.1922	0.0000	48.4783	0.0000	2.0779
2016/03/04	14:17:08.711	3.1045	3.6132	3.1881	0.0000	0.2967	0.0019	2.7834	28.9199	962.1293	17.4985	0.0000	0.0102	0.1840	0.0000	1.5505	7750.4773	0.0000	1.8640	0.0000	0.6453	0.0351	1.1321	0.4781	0.5184	0.0000	48.9283	0.0000	2.0240
2016/03/04	14:17:18.571	2.9233	3.0942	2.9299	0.0000	0.3299	0.0177	2.5366	24.0883	927.9409	16.1591	0.0000	0.0005	0.1957	0.0000	1.0551	7819.6019	0.0000	1.9286	0.0000	0.6344	0.0401	1.2334	0.4318	0.6982	0.0000	55.6112	0.0752	1.7189
2016/03/04	14:17:28.447	3.5443	2.6867	2.3272	0.0000	0.3186	0.0114	2.3258	18.0433	884.3911	18.2622	0.0000	0.0000	0.1987	0.0000	0.8628	7328.4009	0.0000	1.3685	0.0000	0.5962	0.0027	1.2271	0.4267	0.8218	0.0000	52.7438	0.0705	1.6606
2016/03/04	14:17:39.798	1.1899	3.1397	1.6695	0.0000	0.2342	0.0400	2.3794	16.6484	857.6723	16.1305	0.0000	0.0000	0.2034	0.0000	1.4640	7302.4056	0.0000	1.6870	0.0000	0.6798	0.0087	1.1658	0.4721	1.2912	0.0000	54.0297	0.0000	1.6672
2016/03/04	14:17:49.160	4.4256	10.6247	3.2488	0.0000	0.4815	0.0303	3.2808	44.1230	1027.8024	18.2333	0.0000	0.0025	0.1370	0.0000	1.2805	8696.7589	0.0000	2.1432	0.0000	0.8117	0.0240	1.1313	0.4720	1.1181	0.0000	52.3462	0.0000	1.8633
2016/03/04	14:17:58.522	3.1227	10.4159	3.4382	0.0000	0.5459	0.0242	3.7882	51.0574	1037.8529	17.9639	0.0000	0.0366	0.3091	0.0000	1.1827	8737.2094	0.0000	2.5769	0.0000	0.9168	0.0555	1.0314	0.4595	1.0819	0.0000	50.6219	0.0814	2.3755
2016/03/04	14:18:08.130	3.1216	4.4567	3.1963	0.0000	0.4603	0.0000	3.1374	36.4869	998.6973	17.1307	0.0000	0.0033	0.2480	0.0000	1.5861	8331.1957	0.0000	1.9704	0.0000	0.7038	0.0531	1.1427	0.5039	1.0232	0.0000	49.0483	0.0000	2.2784
2016/03/04	14:18:17.492	3.0894	3.0674	3.3350	0.0000	0.3620	0.0267	2.8762	32.0137	980.2057	17.0114	0.0000	0.0000	0.2343	0.0000	1.0598	8005.2181	0.0000	1.6867	0.0000	0.6922	0.0169	1.0743	0.5049	0.8233	0.0000	51.6803	0.3055	2.2398
2016/03/04	14:18:26.854	0.7878	2.6666	3.4105	0.0000	0.3871	0.0000	2.8932	30.3614	970.9533	14.7518	0.0000	0.0011	0.2091	0.0000	1.5002	8207.3690	0.0000	1.9439	0.0000	0.6698	0.1318	1.1889	0.4924	1.0156	0.0000	56.4293	0.0000	1.8354
2016/03/04	14:18:37.152	3.7492	11.6424	4.9300	0.0000	0.5986	0.0000	3.6949	54.2462	1136.4327	16.7291	0.0006	0.1470	0.1580	0.0000	1.0424	8896.8294	0.0000	2.4344	0.0000	0.8653	0.0216	1.0545	0.0000	0.7893	0.0000	53.5815	0.0000	2.6419
2016/03/04	14:18:46.513	3.9385	1.6771	2.2628	0.0000	0.3319	0.0057	2.4161	20.1416	902.9940	13.4570	0.0000	0.0000	0.1192	0.0000	2.0005	7888.0806	0.0000	1.7954	0.0000	0.7642	0.0447	1.2501	0.4608	1.1086	0.0000	50.0738	0.0000	1.7146
2016/03/04	14:18:55.875	3.0190	1.9880	3.2008	0.0000	0.4030	0.0000	3.2394	39.1800	1017.2923	16.8233	0.0000	0.0068	0.1522	0.0000	0.5552	8342.8648	0.0000	2.1659	0.0000	0.7556	0.0561	1.1359	0.5090	0.8545	0.0000	52.5801	0.1676	1.8277
2016/03/04	14:19:05.238	3.8421	3.3504	2.7110	0.0000	0.3918	0.0051	2.8468	30.3114	955.9812	17.0158	0.0000	0.0025	0.3256	0.0000	1.3402	8166.6965	0.0000	2.0611	0.0000	0.6425	0.0725	1.1257	0.4994	0.8153	0.0000	51.1314	0.0006	1.9548
2016/03/04	14:19:14.599	1.0211	11.8669	4.6701	0.0000	0.4854	0.0000	3.8217	52.0940	1082.9390	16.5662	0.0000	0.0456	0.3120	0.0000	1.9275	9102.3672	0.0000	2.6163	0.0000	0.9063	0.1215	1.0360	0.4938	0.9913	0.0000	52.9352	0.0000	2.6503
2016/03/04	14:19:24.622	2.9925	2.7722	3.3145	0.0000	0.4614	0.0112	2.9516	35.5406	998.3007	14.3304	0.0000	0.0037	0.2041	0.0000	1.6301	8109.4446	0.0000	1.9498	0.0022	0.6889	0.0616	1.1868	0.4366	1.1632	0.0000	51.9713	0.0000	2.2152
2016/03/04	14:19:33.984	2.8941	1.8239	2.1664	0.0000	0.3475	0.0189	2.3615	18.7473	889.2924	18.1354	0.0000	0.0127	0.2639	0.0000	1.2082	7883.4800	0.0000	1.6925	0.0000	0.7860	0.1183	1.1939	0.4983	0.9561	0.0000	51.9623	0.0000	1.4155
2016/03/04	14:19:48.027	3.2639	2.0085	3.0157	0.0000	0.3853	0.0028	2.9325	34.0370	994.5850	14.3742	0.0000	0.0000	0.3432	0.0000	1.0779	7965.1301	0.0000	2.1863	0.0000	0.8631	0.0288	1.1468	0.5077	1.3422	0.0000	54.0553	0.0000	1.9603
2016/03/04	14:19:57.389	3.0780	30.0821	1.5213	0.0000	0.3531	0.0061	2.0873	10.7098	836.4984	17.4109	0.0000	0.0019	0.2471	0.0000	1.7134	7346.7579	0.0000	1.6223	0.0000	0.5905	0.0498	1.1680	0.5010	1.1042	0.0000	50.7304	0.1125	1.6652
2016/03/04	14:20:06.750	3.9949	8.7548	3.5195	0.0000	0.4669	0.0126	3.3282	42.5489	1031.2309	17.4511	0.0000	0.0000	0.2267	0.0000	1.4554	8573.0776	0.0000	1.9305	0.0000	0.8007	0.0836	1.1122	0.4896	1.1778	0.0000	48.6387	0.0000	2.3144
2016/03/04	14:20:16.961	3.6324	3.8860	2.7754	0.0000	0.4121	0.0074	2.6794	27.9124	954.5343	17.7990	0.0000	0.0000	0.2956	0.0000	1.4018	7811.4212	0.0000	1.9765	0.0000	0.6485	0.0012	1.1317	0.4428	1.1601	0.0000	48.1987	0.0000	2.0930
2016/03/04	14:20:26.323	3.0250	3.9245	1.8365	0.0000	0.3115	0.0168	2.2810	16.3984	871.9679	16.9988	0.0000	0.0179	0.2652	0.0000	1.3575	7513.4465	0.0000	1.9050	0.0000	0.6867	0.0044	1.2404	0.4810	1.4252	0.0000	49.3086	0.0452	1.5841
2016/03/04	14:20:35.825	3.0432	3.0615	2.6578	0.0000	0.4095	0.0000	2.7628	29.4269	954.5766	17.2096	0.0000	0.0000	0.2339	0.0000	0.6430	8229.7475	0.0000	1.7913	0.0000	0.6453	0.0608	1.1711	0.5296	1.2003	0.0000	55.8592	0.0895	1.5374
2016/03/04	14:20:45.187	3.2083	3.5085	1.9268	0.0000	0.3282	0.0010	2.5541	22.8296	924.9544	14.2037	0.0000	0.0000	0.2488	0.0000	0.9408	7750.3872	0.0000	1.8357	0.0000	0.5612	0.0550	1.1926	0.4550	0.9108	0.0000	52.7564	0.0000	1.4155
2016/03/04	14:20:54.870	2.9763	2.5317	2.8597	0.0000	0.2662	0.0367	2.7317	25.8888	945.2424	18.5232	0.0000	0.0000	0.1975	0.0000	0.5272	8103.1038	0.0005	1.9468	0.0000	0.9301	0.0283	1.1495	0.4941	0.9082	0.0000	52.0748	0.0000	1.9995
2016/03/04	14:21:04.563	2.8375	2.7673	2.3495	0.0000	0.2712	0.0209	2.7343	26.2175	919.8964	14.2571	0.0000	0.0012	0.1642	0.0000	1.1100	7878.8303	0.0000	1.8448	0.0000	0.6604	0.0551	1.1816	0.4668	1.1119	0.0000	52.5609	0.0000	1.7872
2016/03/04	14:21:09.243	3.0458	10.1394	3.4784	0.0000	0.6045	0.0000	3.8812	51.5879	1069.1332	16.2470	0.0000	0.1213	0.3387	0.0000	1.8223	8875.4720	0.0000	2.0567	0.0000	0.8267	0.0895	1.0886	0.4475	1.3966	0.0000	52.3296	0.1915	2.3303
2016/03/04	14:21:19.194	3.9832	4.1401	2.2190	0.0000	0.2974	0.0041	2.3676	17.2510	881.3670	16.8797	0.0000	0.0000	0.2612	0.0013	1.3256	7454.0134	0.0000	1.5132	0.0000	0.7344	0.0553	1.2312	0.4734	1.1355	0.0000	49.5050	0.0000	1.6871
2016/03/04	14:21:29.052	2.9680	2.5192	2.3562	0.0000	0.3152	0.0106	2.4741	20.0553	889.7341	16.0575	0.0000	0.0007	0.2118	0.0000	1.5958	7713.6881	0.0000	1.8226	0.0000	0.7735	0.0375	1.1637	0.5061	0.9973	0.0000	51.0247	0.6861	1.6772
2016/03/04	14:21:38.556	3.7089	2.6202	2.4903	0.0000	0.3393	0.0092	2.6721	24.6207	922.8836	18.6125	0.0000	0.0012	0.1874	0.0000	1.9659	7744.0056	0.0000	1.8786	0.0000	0.6680	0.0917	1.2175	0.4542	1.3621	0.0000	48.4958	0.1919	1.4321
2016/03/04	14:21:48.145	3.5451	4.6369	1.0639	0.0000	0.2354	0.0293	1.8579	4.5450	797.3918	21.5268	0.0000	0.0000	0.1594	0.0000	1.4092	7051.5035	0.0000	1.6170	0.0366	0.4375	0.0089	1.3035	0.4282	0.7107	0.0000	50.9040	0.0362	0.6261
2016/03/04	14:22:02.393	3.0438	9.9561	3.1093	0.0000	0.4563	0.0099	3.3454	42.0842	1008.9378	16.0849	0.0000	0.0000	0.1614	0.0000	1.6518	8499.0775	0.0000	2.1223	0.0000	0.7582	0.0509	1.0980	0.4854	1.0860	0.0000	50.7292	0.0482	2.1484
2016/03/04	14:22:11.755	4.0722	4.3030	2.1086	0.0000	0.2920	0.0300	2.5308	22.3803	905.5102	18.8345	0.0010	0.0289	0.1654	0.0000	0.4282	7956.9029	0.0000	2.1902	0.0000	0.6687	0.0705	1.2030	0.4828	1.4042	0.0000	46.0557	0.2530	1.3111
2016/03/04	14:22:21.117	0.7587	9.9222	3.9363	0.0000	0.5366	0.0017	3.5408	48.4450	1073.5754	14.4119	0.0000	0.0000	0.1677	0.0000	1.6017	8576.9030	0.0005	2.0614	0.0000	0.8091	0.0632	1.1525	0.5144	1.2230	0.0000	50.1259	0.0000	1.7489
2016/03/04	14:22:30.792	0.6332	1.2528	1.7845	0.0000	0.2657	0.0070	2.2259	13.4221	864.3779	16.4973	0.0010	0.0000	0.1119	0.0000	1.8249	7360.6881	0.0000	1.4981	0.0000	0.6451	0.0801	1.1369	0.4730	1.4654	0.0000	49.8609	0.0000	1.6796
2016/03/04	14:22:40.647	3.2782	3.3417	2.2117	0.0000	0.3184	0.0018	2.5149	18.5940	896.7368	16.6821	0.0000	0.0000	0.1830	0.0000	1.2519	7617.1524	0.0000	1.4287	0.0000	0.6921	0.0548	1.2156	0.4814	1.1037	0.0000	50.5967	0.0000	1.5683
2016/03/04	14:22:50.449	2.9943	3.6721	3.8559	0.0000	0.4903	0.0019	3.1539	40.4826	1046.6244	16.7392	0.0000	0.0000	0.1654	0.0000	0.8261	8197.8357	0.0000	1.9102	0.0943	0.6588	0.0746	1.1705	0.4269	0.9804	0.0000	52.9770	0.0000	2.3339
2016/03/04	14:23:00.182	4.3963	9.1334	3.5893	0.0000	0.5272	0.0272	3.3637	43.3152	1065.3801	14.3636	0.0000	0.0110	0.2070	0.0000	1.1942	8722.6559	0.0000	2.1459	0.0000	0.7417	0.0610	1.0520	0.4671	0.9637	0.0000	48.3572	0.0000	2.5587
2016/03/04	14:23:09.695	0.8988	3.8983	3.0397	0.0000	0.2999	0.0000	3.0677	36.3995	1005.8620	16.5582	0.0000	0.0017	0.1866	0.0000	0.9872	8254.5240	0.0000	1.8493	0.0000	0.6853	0.0584	1.1796	0.4254	1.2421	0.0000	53.5656	0.0000	2.0005
2016/03/04	14:23:19.529	2.9336	2.4516	2.0385	0.0000	0.3419	0.0005	2.3649	18.0917	913.1577	19.1584	0.0000	0.0000	0.1466	0.0000	1.4958	7707.2983	0.0000	1.8826	0.0000	0.6795	0.0446	1.2210	0.5041	0.9466	0.0000	48.5444	0.0000	1.7578
2016/03/04	14:23:24.290	0.6764	10.6960	3.8947	0.0000	0.5990	0.0026	3.6274	50.8336	1119.1973	14.9638	0.0000	0.0000	0.1444	0.0000	1.9850	8527.7784	0.0000	2.5460	0.0000	0.8315	0.0411	1.1139	0.5015	0.9605	0.0000	49.4503	0.0000	2.2824
2016/03/04	14:23:38.983	3.2204	3.5281	1.2734	0.0000	0.2801	0.0294	2.0798	9.2539	818.4435	17.0871	0.0000	0.0000	0.1877	0.0000	1.3739	7318.2025	0.0000	1.4898	0.0877	0.5633	0.0204	1.2283	0.4784	0.8575	0.0000	54.4248	0.0000	0.9319
2016/03/04	14:23:49.361	4.0342	3.8681	2.7517	0.0000	0.4275	0.0000	2.8865	34.3567	986.7043	16.2427	0.0000	0.0000	0.2430	0.0000	1.5983	8196.4181	0.0000	1.8086	0.0000	0.6076	0.0501	1.1817	0.4202	0.7332	0.0000	52.6583	0.3622	1.6144
2016/03/04	14:23:58.723	2.9211	4.1710	2.5715	0.0000	0.3650	0.0000	2.7702	25.0762	936.7522	19.0294	0.0000	0.0020	0.1880	0.0000	1.3858	7707.1984	0.0000	1.9585	0.0000	0.8691	0.0085	1.1665	0.5036	1.1968	0.0000	50.5859	0.0000	1.8182
2016/03/04	14:24:08.771	3.2283	4.1742	1.5478	0.0000	0.2409	0.0034	2.0947	10.2944	828.8461	19.5699	0.0000	0.0260	0.1391	0.0000	1.2409	7169.3767	0.0000	1.4390	0.0000	0.5633	0.0587	1.2447	0.4780	1.2601	0.0000	50.6066	0.3310	1.4664
2016/03/04	14:24:18.451	2.6552	19.9887	1.3949	0.0000	0.3212	0.0411	2.1653	12.4813	849.5984	17.6831	0.0000	0.0000	0.3198	0.0000	1.8101	7455.8683	0.0000	1.4331	0.0327	0.5708	0.0713	1.2218	0.4872	1.0327	0.0000	54.6301	0.0000	1.2443
2016/03/04	14:24:28.105	4.1173	4.1064	2.1670	0.0000	0.3953	0.0201	2.7077	23.0356	945.9605	15.9276	0.0000	0.0090	0.1504	0.0000	1.5587	7560.6821	0.0000	1.7160	0.0000	0.7802	0.0185	1.1768	0.4617	0.9983	0.0000	50.6086	0.0008	1.4746
2016/03/04	14:24:37.898	2.9693	3.2114	2.3183	0.0000	0.3877	0.0213	2.8736	26.1372	945.0037	16.4185	0.0000	0.0018	0.1973	0.0000	0.9317	7969.1411	0.0000	1.9692	0.0000	0.6398	0.0510	1.1743	0.5034	1.0784	0.0000	51.6549	0.0000	1.4248
2016/03/04	14:24:47.579	3.9743	3.8530	2.6347	0.0000	0.3933	0.0291	2.9565	31.5564	1000.0608	15.8597	0.0000	0.0000	0.1792	0.0000	1.7110	8130.8031	0.0000	1.8071	0.0000	0.6669	0.0362	1.1472	0.4836	1.7612	0.0000	48.8305	0.0042	2.0438
2016/03/04	14:24:57.314	3.2419	4.0572	1.0849	0.0000	0.2349	0.0227	1.9023	5.6150	798.0793	18.6205	0.0000	0.0270	0.2229	0.0000	1.3832	7010.3823	0.0000	1.7767	0.0000	0.4421	0.0429	1.2408	0.4579	0.7183	0.0000	47.8184	0.0000	0.7613
2016/03/04	14:25:07.128	3.1268	3.0886	2.5400	0.0000	0.3846	0.0231	2.8832	30.0294	960.1748	20.1838	0.0000	0.0000	0.1679	0.0000	1.6488	7741.4929	0.0000	2.0415	0.0000	0.8327	0.0000	1.1387	0.5133	1.3326	0.0000	53.0236	0.0136	1.7700
2016/03/04	14:25:17.019	3.3795	3.4103	2.5183	0.0000	0.3317	0.0344	2.9584	31.3797	981.6571	17.5710	0.0000	0.0047	0.2244	0.0000	1.5420	7862.3099	0.0000	1.7598	0.0000	0.8943	0.1011	1.1346	0.4400	1.4294	0.0000	52.4361	0.1525	1.8420
2016/03/04	14:25:26.861	0.8077	2.7087	3.5141	0.0000	0.4818	0.0089	3.8476	58.1584	1093.3436	18.0659	0.0000	0.0128	0.2562	0.0000	1.9718	9011.4206	0.0000	2.1171	0.0000	0.8583	0.1421	1.0754	0.4315	1.0365	0.0000	47.8037	0.0194	2.3647
2016/03/04	14:25:36.550	2.9657	2.8842	3.4089	0.0000	0.4231	0.0220	3.3270	42.1488	1016.8876	16.9816	0.0000	0.0000	0.2367	0.0000	1.1545	8194.9478	0.0000	2.1374	0.0000	0.6490	0.0837	1.2111	0.4569	1.0284	0.0000	46.7522	0.0000	2.5110
2016/03/04	14:25:46.112	2.8104	2.0183	1.6693	0.0000	0.2995	0.0175	2.1567	13.9876	858.1660	20.5704	0.0007	0.0353	0.2395	0.0000	1.3191	7444.5385	0.0000	1.7321	0.0000	0.6867	0.0791	1.1703	0.4714	1.2761	0.0000	53.3531	0.0000	1.5934
2016/03/04	14:25:55.807	3.6045	3.8082	1.9572	0.0000	0.3473	0.0015	2.5950	22.4959	886.1859	16.8545	0.0000	0.0057	0.1762	0.0000	1.6249	7547.0443	0.0000	2.0883	0.0000	0.7819	0.0293	1.2486	0.4669	1.0344	0.0000	50.6097	0.0000	1.5045
2016/03/04	14:26:00.488	3.7335	2.2340	2.3657	0.0000	0.2761	0.0093	2.6136	23.1965	913.0217	15.7458	0.0000	0.0023	0.2226	0.0000	1.3664	7594.1362	0.0000	1.6281	0.0000	0.5763	0.0431	1.2485	0.4989	1.0506	0.0000	51.6328	0.0000	1.9620
2016/03/04	14:26:10.536	3.5330	3.2439	2.1382	0.0000	0.3086	0.0104	2.3047	17.4980	890.1895	19.5849	0.0000	0.0000	0.2592	0.0000	0.7779	7466.4851	0.0000	1.4056	0.0414	0.7466	0.0584	1.2203	0.4103	1.0063	0.0000	49.8369	0.0911	2.1122
2016/03/04	14:26:25.855	3.0190	2.6472	2.4437	0.0000	0.3505	0.0111	2.7952	28.4152	914.5878	19.0351	0.0000	0.0000	0.1728	0.0000	1.6884	8311.1407	0.0000	1.4269	0.0000	0.5845	0.0954	1.1338	0.4827	0.9418	0.0000	53.9526	0.0000	2.0071
2016/03/04	14:26:30.536	2.8122	3.0866	1.6412	0.0000	0.3638	0.0126	2.3238	17.2040	866.5146	18.1869	0.0000	0.0000	0.1940	0.0000	1.3725	7697.3454	0.0000	1.3859	0.0000	0.5873	0.0763	1.3180	0.4278	0.6927	0.0000	51.4401	0.0025	0.8502
2016/03/04	14:26:40.017	3.0072	2.4328	1.8139	0.0000	0.3092	0.0000	2.3425	20.1438	880.6292	14.9152	0.0000	0.0096	0.2358	0.0000	1.5306	7665.3929	0.0000	1.5533	0.0000	0.6171	0.0642	1.1826	0.4892	1.2430	0.0000	48.9185	0.0000	1.3245
2016/03/04	14:26:54.478	4.0684	1.2329	2.0685	0.0000	0.4478	0.0190	2.7157	25.4982	913.0533	17.9015	0.0000	0.0000	0.1302	0.0000	1.7119	8072.3196	0.0000	1.6151	0.0000	0.8026	0.1182	1.2262	0.4622	1.2000	0.0000	49.3468	0.0000	1.2648
2016/03/04	14:27:03.840	3.5817	4.3163	2.0088	0.0000	0.3162	0.0238	2.6674	22.7699	893.0156	18.1370	0.0000	0.0000	0.1946	0.0000	1.3174	7810.0127	0.0000	1.1420	0.0000	0.7283	0.0000	1.1962	0.4818	1.0744	0.0000	45.3478	0.0000	1.4961
2016/03/04	14:27:14.138	3.6151	2.3449	2.2614	0.0000	0.3519	0.0272	2.7456	25.7040	919.2660	18.1786	0.0006	0.0000	0.1725	0.0000	1.5155	8160.2488	0.0000	1.7854	0.0000	0.6986	0.0697	1.2179	0.5209	1.0691	0.0000	50.1005	0.0429	1.5694
2016/03/04	14:27:23.500	3.9403	2.6161	2.6124	0.0000	0.4265	0.0110	3.1803	36.9823	973.3474	16.4739	0.0000	0.0307	0.2744	0.0000	1.1539	8337.4472	0.0000	2.1763	0.0000	0.6637	0.0737	1.1458	0.4474	1.1017	0.0000	50.0991	0.0079	2.1809
2016/03/04	14:27:32.862	3.0337	9.6566	3.4773	0.0000	0.4724	0.0014	3.9343	54.0699	1066.0290	19.6837	0.0000	0.0927	0.2424	0.0013	1.0178	8735.7256	0.0000	2.2927	0.0000	0.7582	0.0612	1.1393	0.4770	1.2339	0.0000	55.1763	0.0750	2.5117
2016/03/04	14:27:42.224	1.0578	5.0639	0.9590	0.0000	0.2470	0.0136	2.0229	7.4109	812.6534	18.1416	0.0000	0.0028	0.2885	0.0000	1.5843	7443.9187	0.0000	1.0520	0.0000	0.5014	0.0495	1.2759	0.4792	1.1086	0.0000	53.1934	0.0000	1.0802
2016/03/04	14:27:51.586	3.2855	3.3902	1.7850	0.0000	0.2569	0.0157	2.5410	21.1504	878.8117	18.9589	0.0000	0.0131	0.2940	0.0000	2.0376	7692.4844	0.0000	1.5712	0.0016	0.6704	0.0206	1.2066	0.4470	1.1505	0.0000	49.9029	0.0710	1.0403
2016/03/04	14:28:01.147	2.8067	1.9212	2.1011	0.0000	0.3283	0.0183	2.9850	31.0808	942.3907	20.2622	0.0000	0.0021	0.2759	0.0000	1.6266	7984.4170	0.0000	2.1027	0.0000	0.6582	0.0650	1.1647	0.5078	1.0858	0.0000	53.2706	0.0000	1.7643
2016/03/04	14:28:10.509	2.9575	3.9160	2.3259	0.0000	0.3800	0.0229	3.0352	32.6524	960.3770	17.2684	0.0000	0.0000	0.2699	0.0000	1.2431	8277.8619	0.0000	2.1173	0.0000	0.8429	0.0514	1.2312	0.4116	1.1967	0.0000	54.1133	0.1278	1.5094
